3.60E-01	9.94675E-07
4.20E-01	9.87214E-07
4.78E-01	9.68564E-07
5.38E-01	9.53644E-07
5.99E-01	9.41211E-07
6.56E-01	9.23804E-07
7.17E-01	9.07641E-07
7.78E-01	8.91477E-07
8.38E-01	8.7034E-07
8.99E-01	8.54177E-07
9.56E-01	8.34283E-07
1.02E+00	8.19363E-07
1.08E+00	8.00713E-07
1.14E+00	7.82063E-07
1.20E+00	7.63413E-07
1.26E+00	7.48493E-07
1.32E+00	7.31086E-07
1.38E+00	7.11192E-07
1.44E+00	6.93786E-07
1.50E+00	6.75135E-07
1.56E+00	6.55242E-07
1.62E+00	6.36592E-07
1.68E+00	6.16698E-07
1.74E+00	5.99291E-07
1.80E+00	5.80641E-07
1.86E+00	5.64478E-07
1.92E+00	5.44584E-07
1.98E+00	5.25934E-07
2.04E+00	5.06041E-07
2.10E+00	4.87391E-07
2.16E+00	4.67497E-07
2.22E+00	4.48847E-07
2.28E+00	4.25223E-07
2.34E+00	4.07817E-07
