0.361842105	2.941289389
0.421052632	2.895704174
0.480263158	2.95466151
0.542763158	2.990791203
0.601973684	2.984096047
0.661184211	2.998762807
0.720394737	3.052214375
0.779605263	3.058071631
0.842105263	3.0949826
0.901315789	3.132437168
0.960526316	3.166761202
1.019736842	3.150218051
1.078947368	3.209578893
1.141447368	3.253412423
1.203947368	3.257757354
1.259868421	3.263438246
1.319078947	3.326009827
1.381578947	3.353994883
1.4375	3.377370651
1.5	3.426816919
1.559210526	3.472123503
1.618421053	3.484118976
1.677631579	3.539868419
1.740131579	3.587602774
1.799342105	3.644764144
1.858552632	3.682950651
1.921052632	3.753084457
1.980263158	3.804930332
2.036184211	3.850212549
2.098684211	3.919519269
2.157894737	3.998300786
2.220394737	4.030853283
2.276315789	4.090277734
2.342105263	4.140583353
