2.63926e-06	0.9933217408562762
4.36652e-06	0.9933217408562762
6.43901e-06	0.9933217408562762
8.92559e-06	0.9933217408562762
1.19089e-05	0.9933217408562762
1.54876e-05	0.9933217408562762
1.97801e-05	0.9933217408562762
2.49299e-05	0.9933217408562762
3.11064e-05	0.9933217408562762
3.85127e-05	0.9933217408562762
4.7399e-05	0.9933217408562762
5.80549e-05	1.0551964913327334
7.08337e-05	1.0551964913327334
8.61565e-05	1.0551964913327334
0.000104515	1.0551964913327334
0.000126505	1.055202573191945
0.000152835	1.055202573191945
0.000184396	1.055202573191945
0.000222148	1.055202573191945
0.000267416	1.055202573191945
0.000321486	1.055202573191945
0.00038601	1.0552086551212652
0.000462922	1.0552086551212652
0.000554624	1.0744729400156103
0.000664454	1.0744791330503025
0.000795941	1.0744791330503025
0.000949342	1.074485326156386
0.00112011	1.0744915193338618
0.00130904	1.074497712582731
0.00149396	1.2340163710682004
0.00166408	1.2348291322690372
0.00182753	1.2349512653050942
0.00199098	1.2143528222681035
0.00216138	1.2143528222681035
0.00234367	1.1190044282350797
0.00253508	1.1190108782372599
0.00273153	1.1190173283137967
0.00292797	1.119023778464692
0.00311911	1.4814213653731734
0.00331024	1.4814299045138843
0.00349607	1.4814384437530375
0.0036819	1.481446983090635
0.00386242	1.4814555225266783
0.00404293	1.4814555225266783
0.00422345	1.517534001671041
0.00440397	1.5175427492226556
0.00458448	1.5175514968751183
0.00475918	1.6994533755626664
0.0049399	1.7452318269083045
0.00511438	1.7452418871570214
0.00528887	1.7452519475217219
0.00545712	1.7452519475217219
0.00563185	1.7339467178358303
0.00579986	1.7339567132052947
0.00596786	1.7339667086899966
0.00613587	1.7339667086899966
0.00630387	1.7339767042899383
0.00646457	1.733986700005122
0.00663293	1.733986700005122
0.00679326	1.7339966958355488
0.0069536	1.7340066917812214
0.00711394	1.7340066917812214
0.00727427	1.7340166878421417
0.0074257	1.742741373700081
0.0075866	1.742741373700081
0.00773743	1.7427514202298169
0.00788827	1.7427614668753855
0.00803911	1.7427614668753855
0.00818995	1.7427715136367894
0.00834079	1.7427815605140298
0.00849162	1.7427815605140298
0.00864246	1.7427916075071088
0.00877821	1.742801654616029
0.00891397	2.0362645435074196
0.00904972	2.0362762825412286
0.00918548	2.0362762825412286
0.00932123	2.0362880217103885
0.00945698	2.0362997610149027
0.00959274	2.1469802234695354
0.00972849	2.1469926009916067
0.00986425	2.1469926009916067
0.01	2.147004978656394
0.0101493	2.147004978656394
0.01029	2.1470173564638997
0.0104349	2.147029734414126
0.0105735	2.147029734414126
0.0107164	2.147042112507075
0.0108529	2.147042112507075
0.0109936	2.14705449074275
0.0111301	2.1470668691211525
0.0112687	2.1470668691211525
0.0114051	2.147079247642286
0.0115437	2.147079247642286
0.0116801	2.147091626306153
0.0118165	2.147104005112755
0.0119529	2.147104005112755
0.0120893	2.1471163840620946
0.0122234	2.153839161721786
0.0123598	2.1538515795737045
0.0124938	2.1538639975688127
0.0126279	2.1538639975688127
0.0127619	2.1538764157071135
0.0128959	2.1538764157071135
0.0130275	2.153888833988609
0.0131616	2.153888833988609
0.0132931	2.153901252413302
0.0134246	2.153901252413302
0.0135561	2.1539136709811944
0.0136876	2.153926089692289
0.0138164	2.153926089692289
0.013948	2.1539385085465885
0.0140768	2.1539385085465885
0.0142084	2.1539509275440953
0.0143371	2.1539509275440953
0.0144658	2.1539633466848116
0.0145945	2.259755286880562
0.0147232	2.259755286880562
0.0148488	2.2597683162129205
0.0149776	2.2597683162129205
0.0151032	2.517998431691487
0.0152321	2.517998431691487
0.0153575	2.5180129501736284
0.015483	2.5180129501736284
0.0156085	2.518027468823194
0.0157339	2.518027468823194
0.0158594	2.518041987640188
0.0159849	2.518041987640188
0.0161104	2.5180565066246117
0.0162319	2.518071025776469
0.0163575	2.518071025776469
0.0164789	2.5180855450957624
0.0166047	2.5180855450957624
0.0167259	2.518100064582496
0.0168519	2.518100064582496
0.0169729	2.5181145842366703
0.017094	2.5181145842366703
0.0172151	2.51812910405829
0.0173362	2.51812910405829
0.0174573	2.518143624047358
0.0175784	2.518143624047358
0.0176994	2.5181581442038765
0.0178205	2.5181581442038765
0.0179416	2.518172664527848
0.0180627	2.518172664527848
0.0181838	2.518187185019277
0.0182973	2.518187185019277
0.0184189	2.518201705678165
0.0185318	2.518201705678165
0.0186542	2.5182162265045154
0.0187663	2.5182162265045154
0.0188897	2.5182307474983308
0.0190007	2.5182307474983308
0.0191118	2.5182452686596144
0.0192228	2.5182452686596144
0.0193338	2.5182597899883694
0.0194449	2.5182597899883694
0.0195559	2.518274311484598
0.0196669	2.518274311484598
0.0197779	2.5182888331483033
0.019889	2.5182888331483033
0.02	2.518303354979489
0.0201235	2.518303354979489
0.020241	2.5183178769781565
0.0203615	2.5183178769781565
0.0204763	2.5183323991443096
0.0205953	2.5183323991443096
0.02071	2.5183469214779515
0.0208276	2.5183469214779515
0.0209422	2.5183614439790847
0.0210584	2.5183614439790847
0.021173	2.518375966647712
0.0212892	2.518375966647712
0.0214038	2.518390489483836
0.0215184	2.518390489483836
0.021633	2.5184050124874604
0.0217476	2.5184050124874604
0.0218622	2.5184195356585874
0.0219753	2.5184195356585874
0.0220899	2.531163535839946
0.0222029	2.531163535839946
0.0223176	2.531178132755449
0.0224305	2.531178132755449
0.0225435	2.53119272983931
0.0226565	2.53119272983931
0.0227695	2.5312073270915323
0.0228824	2.5312073270915323
0.0229954	2.5312219245121184
0.0231066	2.6048027692183973
0.0232196	2.6048027692183973
0.0233308	2.604817791149016
0.0234438	2.604817791149016
0.0235549	2.604832813252899
0.0236661	2.604832813252899
0.0237772	2.6048478355300486
0.0238883	2.6048478355300486
0.0239994	2.6048628579804687
0.0241105	2.6048628579804687
0.0242217	2.604877880604162
0.0243328	2.604877880604162
0.0244418	2.6048929034011326
0.0245529	2.6048929034011326
0.0246619	2.6049079263713817
0.0247731	2.6049079263713817
0.024882	2.6104756883853995
0.0249932	2.61088022996404
0.0251021	2.6112693305103805
0.0252109	2.611658547049633
0.0253198	2.6120634553515014
0.0254286	2.6124529086771835
0.0255375	2.6128424781535746
0.0256463	2.6132477536775567
0.0257551	2.6136375602625717
0.025864	2.614043082492089
0.0259728	2.6144331264022656
0.0260817	2.614823286727475
0.0261905	2.615229177014793
0.0262994	2.615619574988337
0.0264082	2.6160257125428306
0.0265138	2.6164007207084303
0.0266228	2.6168071009011373
0.0267283	2.617182333140829
0.0268374	2.617588956189253
0.0269428	2.617964412703929
0.027052	2.618371278825834
0.0271573	2.618746959816627
0.0272666	2.6191540692300372
0.0273717	2.61954563997612
0.0274812	2.61993732782152
0.0275862	2.620329132818771
0.0276959	2.6207210550204416
0.0278006	2.6211130944791305
0.0279106	2.621520939958986
0.0280151	2.6218975253781136
0.0281195	2.622274219006907
0.028224	2.6226667233205614
0.0283285	2.6230436380222923
0.028433	2.6234363727216183
0.0285374	2.623813508690958
0.0286419	2.6242064739788575
0.0287464	2.624583831410706
0.0288508	2.6249770274903175
0.0289553	2.6253546065798035
0.0290598	2.625748033654507
0.0291642	2.626125834596988
0.0292687	2.626503744273506
0.0293732	2.6268975158614647
0.0294777	2.6272756476824473
0.0295821	2.6276696507729076
0.0296866	2.628048004934286
0.0297911	2.628442239731462
0.0298955	2.6288208164293967
0.03	2.629215283137743
0.0301053	2.6296098682469595
0.0302094	2.6299887813928375
0.0303136	2.6303678037532907
0.0304166	2.630762734898304
0.0305197	2.631141980385183
0.0306227	2.6315213352303664
0.0307246	2.631900799481163
0.0308266	2.632280373184907
0.0309285	2.6326600563889633
0.0310304	2.63303984914072
0.0311312	2.633403920034428
0.031232	2.63378392745448
0.0313328	2.6341640445625902
0.0314335	2.634528426429583
0.0315332	2.634908758481087
0.031634	2.6352892003612443
0.0317336	2.635653893600123
0.0318331	2.6360186877915393
0.0319327	2.6363994502771364
0.0320311	2.6367644508932626
0.0321307	2.637129552589592
0.0322291	2.6375106360860707
0.0323275	2.637875944468212
0.0324258	2.638241354058438
0.0325229	2.638606864898814
0.0326213	2.6389724770314285
0.0327184	2.639338190498393
0.0328155	2.6397040053418426
0.0329126	2.6400540100917707
0.0330084	2.6404200234024726
0.0331055	2.6407861382143696
0.0332012	2.6411364300073967
0.033297	2.6415027435307437
0.0333927	2.6418691586802012
0.0334885	2.6422197378695835
0.0335843	2.6425863519750896
0.0336786	2.642937121547757
0.0337744	2.6433039347713994
0.0338687	2.6436548948824763
0.033963	2.6440059482021727
0.0340574	2.644357094767626
0.0341517	2.64472430228068
0.034246	2.6450756396918416
0.0343388	2.645427070461979
0.0344332	2.6457785946283097
0.034526	2.646130212228069
0.0346187	2.646481923298514
0.0347115	2.646833727876921
0.0348043	2.647185626000585
0.0348971	2.647537617706822
0.0349899	2.647873697122968
0.035081	2.648225871848418
0.0351738	2.6485781402668076
0.0352648	2.648914483920291
0.0353559	2.6492669355737806
0.0354469	2.64960345420173
0.035538	2.649956089233323
0.0356291	2.6502927829723126
0.0357201	2.650645601525162
0.0358112	2.650998514028013
0.0359003	2.6513354727293166
0.0359914	2.6516725171006796
0.0360805	2.652009647174778
0.0361717	2.652362923019078
0.0362607	2.6527002286817543
0.0363497	2.6530376201468524
0.0364387	2.6533750974471153
0.0365278	2.6537126606153025
0.0366168	2.654050309684192
0.0367058	2.6543880446865753
0.0367949	2.654725865655264
0.0368815	2.655063772623083
0.0369706	2.655401765622878
0.0370572	2.655723743732361
0.0371463	2.656078009849848
0.0372328	2.656400151984808
0.0373221	2.656738485337499
0.0374085	2.657076904885064
0.0374948	2.6573992893820444
0.0375812	2.6577378773098013
0.0376676	2.6580604222287088
0.037754	2.6583991786623544
0.0378404	2.658721884122962
0.0379268	2.659060809188318
0.0380131	2.659383675310515
0.0380995	2.65972276913353
0.0381859	2.766790764929342
0.0382684	2.767126836201387
0.038355	2.767462989125881
0.0384372	2.767799223732584
0.038524	2.7681355400512735
0.038606	2.7684719381117384
0.0386932	2.768825244082425
0.0387748	2.769144979577229
0.0388623	2.7694984573637464
0.0389436	2.7698183483676666
0.0390316	2.770171998095379
0.0391123	2.7704920447218955
0.039193	2.770812165308931
0.0392737	2.771132359882125
0.0393544	2.771469486759122
0.0394351	2.7717898332790236
0.0395158	2.7721102538634295
0.0395965	2.772430748538027
0.0396772	2.7727513173285177
0.0397579	2.77308883825868
0.0398386	2.773409559262362
0.0399193	2.773730354460465
0.04	2.7740512238787374
0.040087	2.774405955406608
0.0401689	2.7747269811620874
0.0402536	2.7750818855468555
0.0403355	2.7754030677538277
0.0404189	2.7757412346155776
0.0405007	2.776062569472898
0.0405833	2.776400897076502
0.0406645	2.7767223846930227
0.0407464	2.7770608731531174
0.0408276	2.777382513637795
0.0409095	2.777721163069125
0.0409906	2.778042956531019
0.0410718	2.778364824559814
0.041153	2.7787037135967125
0.0412334	2.7790257347651077
0.0413146	2.779347830579569
0.041395	2.779670001066056
0.0414754	2.780009208593094
0.0415558	2.7803315324351137
0.0416363	2.7806539310284726
0.0417167	2.780976404399178
0.0417963	2.7812989525732488
0.0418768	2.781621575576716
0.0419564	2.7819442734356223
0.042036	2.782267046176023
0.0421157	2.7825898938239852
0.0421953	2.7829128164055885
0.0422741	2.783235813946924
0.0423538	2.7835588864740957
0.0424326	2.783882034013218
0.0425123	2.7842052565904205
0.0425911	2.7845285542318416
0.0426699	2.7848519269636345
0.0427487	2.785158349367863
0.0428276	2.785481868403371
0.0429055	2.7858054626064
0.0429843	2.7861291320031514
0.0430623	2.7864358355537715
0.0431411	2.786759651455637
0.0432191	2.7870835426285163
0.043297	2.7873904563541667
0.043375	2.78771449418278
0.0434529	2.7880386073598054
0.0435308	2.7883457314766
0.0436079	2.7886699914601847
0.0436858	2.788977254704125
0.0437628	2.7893016615940356
0.0438408	2.7896261439611294
0.0439178	2.789933617955773
0.0439948	2.7902411597377648
0.0440717	2.790565860739988
0.0441487	2.7908735419330575
0.0442257	2.7911983901414485
0.0443027	2.791506210840411
0.0443787	2.7918140994414142
0.0444557	2.792139166654856
0.0445316	2.792447194902853
0.0446087	2.792755291121582
0.0446846	2.7930805775616205
0.0447616	2.793388813568635
0.0448375	2.7936971176151633
0.0449135	2.794005489723736
0.0449894	2.794331067479941
0.0450653	2.7946395795646266
0.0451412	2.794948159780263
0.0452171	2.7952568081494213
0.0452931	2.7955655246946827
0.045369	2.7958914661467427
0.0454437	2.796200322902729
0.0455196	2.7965092479038782
0.0455943	2.7968182411728124
0.0456702	2.7971273027321635
0.0457449	2.797436432604573
0.0458209	2.7977456308126922
0.0458955	2.798054897379184
0.0459701	2.7983642323267186
0.0460448	2.7986736356779796
0.0461194	2.7989831074556575
0.046194	2.7992926476824547
0.0462686	2.7995850541011107
0.0463433	2.799894727488443
0.0464179	2.8002044693917973
0.0464925	2.8005142798339153
0.0465671	2.8008241588375484
0.0466418	2.8011341064254585
0.0467164	2.801444122620417
0.046791	2.8017542074452058
0.046864	2.802047128372412
0.0469386	2.9104868470953256
0.0470115	2.9108091066144635
0.0470862	2.9111314375049586
0.0471591	2.911435926679014
0.0472338	2.9117583964150384
0.0473066	2.91208093759227
0.0473814	2.9124035502344534
0.0474542	2.9127083055933025
0.0475291	2.9130310572631233
0.0476017	2.9133538804678683
0.0476767	2.9136767752313233
0.0477493	2.9139817971241673
0.0478219	2.9143048310976862
0.0478945	2.914609984509214
0.0479671	2.9149331577828437
0.0480397	2.9152384427981364
0.0481123	2.915561755462
0.0481849	2.915867172166211
0.0482575	2.91619062431051
0.0483301	2.916496172788866
0.0484027	2.9168197645038805
0.0484753	2.9171254448416826
0.0485479	2.9174491762177692
0.0486205	2.9177549885003917
0.0486931	2.918078859627986
0.0487657	2.918384803940877
0.0488383	2.9187088149104934
0.0489109	2.919014891339174
0.0489835	2.919339042241403
0.0490562	2.9196452508714703
0.0491288	2.919969541796982
0.0492014	2.8197135248988108
0.049274	2.819847948197636
0.04934	2.81998238431371
0.0494133	2.8201336402671937
0.0494785	2.820251295004938
0.0495437	2.8203857695837593
0.0496089	2.820520256987164
0.0496741	2.8206379439867524
0.0497392	2.8207724554411975
0.0498044	2.820906979725502
0.0498696	2.8210246990002057
0.0499348	2.8211592473454448
0.05	2.821293808525822
0.050073	2.821428382543174
0.0500862	2.8214620280535043
0.0501018	2.8214956743662896
0.0501204	2.8788795929803856
0.0501428	2.878931091053101
0.0501695	2.8789825909682687
0.0502017	2.879034092725987
0.0502401	2.8791199330836776
0.0502861	2.8792057785602982
0.0503413	2.8793259708282406
0.0504075	2.8794633457083174
0.0504868	2.8796179081180275
0.0505809	2.8798068402651453
0.0506931	2.8800301556771104
0.050826	2.8803050529645016
0.0509815	2.8806143751466706
0.0511584	2.8809753350060774
0.0513593	2.8813879713444543
0.0515867	2.958652804906274
0.0518416	2.959182684400195
0.052123	2.9597657711026786
0.0524043	2.9603490876369407
0.0526856	2.960950320957608
0.0529669	3.2378124971565354
0.0532374	3.23843164095559
0.0535192	3.2390703810512895
0.053801	3.33735527457467
0.0540828	3.33801378588479
0.0543786	3.3387124910011465
0.0546745	3.339411488681332
0.0549703	3.34011077910914
0.0552662	3.3408103624685177
0.0555621	3.3414902384034435
0.0558579	3.342190399795862
0.0561538	3.3428908546673473
0.0564497	3.3435916032024586
0.0567455	3.3442926455859108
0.0570414	3.3449939820025745
0.0573372	3.7432812712632715
0.0576331	3.7440666095468376
0.057929	3.744852277426604
0.0582248	3.7456382751101054
0.0585207	3.7548177134129324
0.0588166	3.7556061336759985
0.0591124	3.756394885106705
0.0594083	3.7571839679137504
0.0597041	3.947148449857625
0.06	3.9479779515913505
0.060303	3.9488315171805475
0.0606061	3.9496617265399188
0.0609091	3.9505160204383167
0.0612121	3.9513706839764486
0.0615152	3.952225717394273
0.0618182	4.162805816049298
0.0621212	4.163706991727326
0.0624364	4.33533058595959
0.0627515	4.33632169751215
0.0630667	4.337287162708999
0.0633818	4.338253057915746
0.063697	4.339245506299935
0.0640121	4.340212274030201
0.0643273	4.735497102557395
0.0646424	4.736581158136428
0.0649576	4.737637162949972
0.0652727	4.73872219867295
0.0655879	4.739779158484329
0.065903	4.740865175681141
0.0662182	4.741923091786419
0.0665333	4.8500282154299414
0.0668485	4.851140244779299
0.0671636	4.852223500294225
0.0674788	4.853336536670222
0.0677939	4.854420773377041
0.0681091	4.855534818148205
0.0684242	4.856620037380637
0.0687394	4.857735091917976
0.0690545	5.164521568661824
0.0693697	4.790537724856699
0.0696848	4.791638358690314
0.07	4.792710514540746
0.0703333	5.357572484720815
0.0706667	5.358869097716954
0.071	5.3601338997915775
0.0713333	5.361431753036079
0.0716667	5.362730234933157
0.072	5.364029345939683
0.0723333	5.365296585322117
0.0726667	5.366596940163719
0.073	5.714594414431901
0.0733333	5.715980098178831
0.0736667	5.717366454094252
0.074	5.7187187987510955
0.0743333	5.7201064836369255
0.0746667	5.822147995372914
0.075	5.823674645882714
0.0753333	5.825237628879462
0.0756667	5.826765900324065
0.076	5.8283305432725765
0.0763333	5.829860438234916
0.0766667	5.831426743781001
0.077	5.832993891190248
0.0773333	5.834526235644597
0.0776667	6.401163362978768
0.078	6.402845861478781
0.0783333	6.404568403654389
0.0786667	6.406291872902138
0.079	6.407977068818907
0.0793333	6.409702373345424
0.0796667	6.411389364262524
0.08	6.413116507000885
0.0803448	6.414883865750189
0.0806897	6.557948319560231
0.0810345	6.559756599529227
0.0813793	6.561565876998713
0.0817241	6.563376152794289
0.082069	6.565187427742472
0.0824138	6.567039986811013
0.0827586	6.56885328479721
0.0831034	6.570667584439478
0.0834483	6.855532566052159
0.0837931	7.4428314149923835
0.0841379	7.444888822426914
0.0844828	7.446993126005099
0.0848276	7.44905283522864
0.0851724	7.174704698101697
0.0855172	7.176734330016982
0.0858621	7.178720950946897
0.0862069	7.254807544679197
0.0865517	7.256861554558102
0.0868966	7.2588720377873175
0.0872414	7.260928350147914
0.0875862	7.262941087698544
0.087931	7.264999706414518
0.0882759	7.267014702080289
0.0886207	7.269075631034023
0.0889655	7.271092888617178
0.0893103	7.65676086204234
0.0896552	7.658886900143287
0.09	7.661061404194729
0.0903571	7.759561283382511
0.0907143	7.761813570753863
0.0910714	7.764067166001029
0.0914286	7.766370061180311
0.0917857	7.768626303487091
0.0921429	7.770883857116571
0.0925	7.773142723212289
0.0928571	8.343353340393453
0.0932143	6.015236960981368
0.0935714	6.016987026827419
0.0939286	6.018775379483722
0.0942857	6.020527505161703
0.0946429	8.590602486531523
0.095	8.25407753908295
0.0953571	8.256482498783505
0.0957143	8.3989358134547
0.0960714	8.809805980684677
0.0964286	8.812375122513291
0.0967857	8.815000473998097
0.0971429	8.817572646829365
0.0975	8.820201096545233
0.0978571	8.82277630574616
0.0982143	8.825407859180753
0.0985714	8.827986110131025
0.0989286	8.83062077278498
0.0992857	8.90845603492502
0.0996429	8.911116284706818
0.1	9.031191385110557
0.100357	9.452015824340384
0.100759	9.455576442069738
0.101129	9.542052858677849
0.101532	9.545649968361824
0.101935	9.998691200643398
0.102338	10.002463271542704
0.102742	10.006175250943281
0.103145	10.009952971835384
0.103548	10.013733546278367
0.103951	10.017453896892205
0.104355	10.021240140451456
0.104758	10.024966071965808
0.105161	10.028757997402485
0.105564	10.032552792502594
0.105934	10.036033878380469
0.106304	10.697352652221412
0.106673	10.701066963883335
0.107043	10.704783855791698
0.107413	10.708503330636091
0.107782	10.712225391109842
0.108152	10.715950039910028
0.108521	10.719677279737477
0.108891	10.595111653232138
0.109261	10.598799404886556
0.10963	10.602489724564384
0.11	11.317116392987257
0.11037	11.321059564175732
0.110741	11.325077253584237
0.111111	11.329025975224303
0.111481	11.332977451431201
0.111852	11.336931685088254
0.112222	11.34088867908281
0.112576	11.34470439668769
0.112929	11.34852268280402
0.113283	8.271779326436649
0.113636	8.274565216046229
0.11399	8.277352982832511
0.114343	8.280142628693444
0.114676	8.282723408593107
0.115009	8.28535851635158
0.115342	8.287995301336831
0.115674	8.511942788022083
0.116007	8.514599178594862
0.11634	8.517311490867447
0.116673	8.52002553169634
0.117005	8.522741302734483
0.117305	8.707893783834264
0.117604	8.710393306837558
0.117904	8.712838672729427
0.118203	8.715341035718858
0.118503	11.577496709926502
0.118802	11.58082372551434
0.119102	11.584152653815234
0.119401	11.587483496479091
0.119701	11.590816255157725
0.12	11.594150931504846
0.120303	11.597487527176067
0.120606	12.187422360583383
0.1209	12.190853723819831
0.121193	12.194287019797967
0.121487	12.197722250151198
0.121771	12.201081277585324
0.122054	12.204442155557292
0.122338	12.207726661526289
0.122622	12.211091202040237
0.122895	12.214300979953041
0.123168	9.56971246708597
0.123442	9.572290663459283
0.123715	9.574808814531453
0.123988	9.577328290835712
0.12425	9.579726096652747
0.124511	9.505160978496171
0.124772	9.507341061289404
0.125034	9.50958274427576
0.125295	12.143531575281035
0.125556	12.14639616353915
0.125803	12.14902967969541
0.12605	12.151741845320004
0.126297	12.1543776802817
0.126544	12.157092234488205
0.126791	12.159730391319238
0.127038	12.162447337264453
0.127285	12.165087819034127
0.127531	12.167807159880413
0.127778	12.170449969663444
0.128	12.172860591091345
0.128223	12.17527216766009
0.128445	12.177684699937458
0.128667	12.180176058888952
0.128889	12.182590535164183
0.129111	12.185005968872458
0.129333	12.187422360583383
0.129556	12.189839710867007
0.129778	12.192258020293842
0.13	13.99463847853314
0.130227	13.997505553005205
0.130455	14.00037380247017
0.130682	14.00324322765049
0.130909	13.459365994920207
0.131136	13.462125669883445
0.131364	13.464886476752561
0.131585	13.467562088464797
0.131807	13.47023876373162
0.132028	13.472916503187294
0.132249	13.475595307466596
0.132471	13.478275177204804
0.132692	13.480956113037706
0.132907	13.483551582733003
0.133122	13.4862346182235
0.133337	13.488832121039032
0.133552	13.491430624626208
0.133767	13.494030129563516
0.133982	13.4967173372543
0.134189	13.075763013507396
0.134397	13.078199840771482
0.134604	13.080637576469586
0.134812	13.08307622110979
0.13502	13.085599913982442
0.135227	13.088040409419598
0.135435	13.090481815342946
0.135642	13.092924132262096
0.13585	13.095451626206783
0.136047	13.097727205235529
0.136245	13.100087900446674
0.136443	13.102449446780524
0.13664	13.104811844697455
0.136838	13.107175094658178
0.137035	13.109539197123732
0.137233	13.111904152555496
0.137431	13.114269961415177
0.137628	13.11663662416481
0.137826	13.118919572367924
0.138024	13.121287913747848
0.138221	13.123657110389312
0.138419	14.34425874584275
0.138595	14.346572052396436
0.13877	14.34888610520693
0.138946	14.351200904635398
0.139122	14.353423814840383
0.139297	14.355740078688633
0.139473	14.35805709022527
0.139649	13.140774555577524
0.139824	13.142896156945922
0.14	13.145018443497554
0.140189	13.147226348710488
0.140377	13.149519958533094
0.140566	13.151814368762384
0.140755	13.154109579817412
0.140943	13.15632054033171
0.141132	13.15861732459777
0.141321	13.160914910932926
0.141509	13.16312815992996
0.141694	13.165427321919339
0.141879	12.347545655572379
0.142063	12.349623183185788
0.142248	12.35170141002274
0.142432	12.353780336436296
0.142617	12.355859962779755
0.142801	12.358020315958978
0.142981	12.36002131667077
0.143161	12.36210304492611
0.143341	12.364105368107792
0.143521	12.366188472413562
0.143701	12.36819211937661
0.143881	12.370276601097643
0.144061	12.372281573155263
0.144241	12.374367433658197
0.144421	12.37637373212533
0.144601	12.378460972778614
0.144775	12.38046859897195
0.144949	12.382476876492904
0.145124	12.384405435976308
0.145298	12.386414991019176
0.145472	12.388425198328617
0.145646	12.390436058222253
0.14582	12.392367097966384
0.145994	12.3943792378472
0.146169	12.396392031253587
0.146343	12.398405478503985
0.146517	12.400339003296597
0.146691	12.402353733005786
0.146865	12.404369117502783
0.147039	12.406385157106854
0.147213	12.408401852137462
0.147388	12.410338496288878
0.147551	12.412275745059015
0.147714	12.41413284274733
0.147877	12.415990496228632
0.148041	12.417848705752467
0.148204	12.419788300096537
0.148367	12.421647646657814
0.148531	12.423507550022025
0.148694	12.425448912662912
0.148857	12.42730995461985
0.14902	12.42917155414151
0.149184	12.431033711478499
0.149347	12.432977427171014
0.14951	12.414294355765456
0.149673	12.416152057588375
0.149837	12.41801031547553
0.15	12.419869129676632
0.150169	12.421809355277832
0.150339	12.423750187175848
0.150508	12.425691625654915
0.150678	12.427633670999448
0.150844	12.429495367514464
0.151011	12.431438602128404
0.151177	12.433301438883387
0.151344	12.435164834009926
0.15151	12.437109841902316
0.151677	12.43897437882995
0.151843	12.44092057871451
0.15201	12.442786258493022
0.152173	12.444652497921938
0.152336	12.446519297253111
0.152499	12.44838665673855
0.152662	12.450254576630414
0.152825	12.452123057181012
0.152988	12.454073374042846
0.153151	12.455943001072608
0.153314	12.45781318952994
0.153477	12.45968393966776
0.153636	12.461473878656488
0.153795	12.463345728466498
0.153955	12.46513671977931
0.154114	12.467009670231414
0.154273	12.468801714796593
0.154432	12.470675766861838
0.154591	12.472468865608755
0.15475	12.47434402025933
0.154909	14.058598961298088
0.155068	14.060713202206886
0.155227	14.062736114723881
0.155386	14.064851600263694
0.155545	14.066875703822943
0.155705	14.068992435093143
0.155864	14.071017730746842
0.156023	14.073135708848104
0.156176	14.075070071861324
0.156329	14.077097117826112
0.156482	14.079124747732175
0.156635	14.0810607576047
0.156788	14.083089529579338
0.156941	14.085118886241293
0.157094	14.08705654507715
0.157247	14.089087045267098
0.157399	14.091118130891676
0.157552	14.093149802204115
0.157705	14.095089671412952
0.157858	14.09712248821065
0.158011	14.099155891445225
0.158164	14.101097414551585
0.158317	14.103131964736663
0.15847	14.105167102108915
0.158623	14.107202826922583
0.158776	14.109146567019328
0.158929	14.11118344074858
0.159082	14.113220902671257
0.159235	14.11516630161943
0.159388	14.11720491392879
0.159541	14.119244115184873
0.159694	14.121283905642931
0.159847	14.12323152822533
0.16	14.125272471043012
0.160154	14.127314003817688
0.160308	14.129356126805197
0.160462	14.131398840261525
0.160615	14.133442144442803
0.160769	14.135393122455248
0.160923	14.13743758197542
0.161077	14.139482632978163
0.161231	14.141528275720203
0.161385	14.143574510458405
0.161538	14.14562133744979
0.16169	14.14757567957103
0.161841	14.149623664890852
0.161992	14.151672243224093
0.162143	14.153628257790336
0.162294	14.155677995939207
0.162445	14.157635118072282
0.162596	14.159686017022018
0.162747	14.161644247662906
0.162898	14.336687272351803
0.163049	14.338670543210599
0.163201	14.340748844153067
0.163352	14.342733238966836
0.163503	14.344812717886418
0.163654	14.346798237610878
0.163805	14.348878895509369
0.163956	14.35096015699413
0.164107	14.35294737898166
0.164258	14.355029820961834
0.164409	14.35701817026525
0.16456	14.35910179374549
0.164712	14.361091271324323
0.164863	14.36317607731042
0.165014	14.365261488688821
0.165165	14.367252673624186
0.165316	14.369339269031
0.165467	14.371331584656575
0.165618	14.37341936510047
0.165769	14.37541281237962
0.16592	14.377501778870405
0.166071	14.379591352566738
0.166223	14.381586512316224
0.166374	14.383677273588086
0.166525	14.385768642848262
0.166676	14.387765517275675
0.166827	14.389858075642648
0.166978	14.391856085610568
0.167129	14.393949834098773
0.16728	14.396044191878868
0.167431	14.398043920201118
0.167582	14.40013946963809
0.167734	14.402235629153305
0.167885	14.404237078047599
0.168036	16.311256369863116
0.168187	16.3135237566135
0.168338	16.31589979036841
0.168489	16.31827651635375
0.16864	16.320545855365733
0.168791	16.322923935220672
0.168942	16.32530270820046
0.169093	16.327574001996528
0.169245	16.329954130595603
0.169396	16.33233495321549
0.169547	16.334608204322475
0.169698	16.336990384314355
0.169849	16.339373259224555
0.17	16.34164847017365
0.170154	16.344032704211568
0.170308	16.346526056507155
0.170462	16.348911714133617
0.170615	16.35129806820078
0.170769	16.353685119013655
0.170923	16.356072866877433
0.171077	16.35846131209748
0.171231	16.360850454979342
0.171385	16.36324029582874
0.171538	16.365630834951578
0.171692	16.368022072653936
0.171846	16.37052275024317
0.172	16.37291541781228
0.172154	16.375308784894173
0.172308	16.377702851795654
0.172462	16.380097618823704
0.172615	16.382493086285493
0.172769	16.38488925448836
0.172923	16.387286123739838
0.173077	16.389792691499242
0.173234	16.39219099567237
0.173388	16.394590001831762
0.173545	16.39709880463442
0.173703	16.399608375380016
0.17386	16.402009553264815
0.174018	16.45468943515262
0.174175	16.457208960197615
0.174333	16.45961966276456
0.17449	16.586847190687372
0.174647	16.58951868246372
0.174805	16.592191034924177
0.174962	16.594864248484757
0.17512	16.597538323561725
0.175277	16.60021326057162
0.175435	16.60288905993125
0.175592	16.605454177238265
0.175749	16.60813166657451
0.175907	16.610810019495123
0.176064	16.613489236417962
0.176222	16.616169317761177
0.176379	16.618850263943177
0.176537	16.621532075382643
0.176694	16.624214752498528
0.176851	16.626898295710053
0.177009	16.62958270543671
0.177166	16.63226798209827
0.177324	16.634954126114756
0.177481	18.609959904437943
0.177639	18.61296642070918
0.177796	18.615973908567753
0.177953	18.618982368484698
0.178111	18.621866388489785
0.178268	18.624876753386683
0.178426	18.62788809173725
0.178583	17.5010278724709
0.178741	17.503858418120466
0.178898	17.506689879520213
0.179055	17.50952225711461
0.179213	17.512355551348428
0.17937	17.5151897626667
0.179528	17.518024891514777
0.179685	18.652013899608043
0.179843	18.655034020329598
0.18	18.65805511924111
0.180159	18.661203137962342
0.180317	18.66422623548788
0.180476	18.667250312650086
0.180635	17.53801494024278
0.180794	17.540975922262188
0.180952	17.5438194057824
0.181111	17.54666381133904
0.18127	17.549509139380664
0.181429	17.552474004182322
0.181587	17.555321217024744
0.181746	17.55816935371826
0.181905	17.561018414712596
0.182063	17.56398716993884
0.182222	17.56683811944498
0.182381	17.56968999462164
0.18254	18.422750093030764
0.182698	18.42586657137651
0.182857	18.428859382725328
0.183016	18.431853166443595
0.183175	18.43497272564773
0.183333	18.437968496092285
0.183492	18.440965240348884
0.183651	18.44396295889242
0.18381	18.447086618913236
0.183968	18.450086328101833
0.184127	18.45308701302376
0.184286	18.456213764561124
0.184444	18.45921644308408
0.184603	18.462220098789626
0.184762	18.465349946435367
0.184921	18.46835559870377
0.185079	18.47136222960689
0.185238	18.474495177961934
0.185397	18.477503808395607
0.185556	18.480513418919003
0.185714	18.4836494725934
0.185873	18.48666108562093
0.186032	18.489799226278077
0.18619	18.492812843809013
0.186349	18.49582744386778
0.186508	18.498968697569158
0.186667	18.501985305114776
0.186825	18.50500289665095
0.186984	18.508147268031085
0.187143	20.18906158419818
0.187302	20.192493253842414
0.18746	20.19578875442446
0.187619	20.199085330861443
0.187778	20.202520409247846
0.187937	20.20581918385849
0.188095	20.209256553154248
0.188254	20.212557528137918
0.188413	20.21599719063556
0.188571	20.219300368194556
0.18873	20.222604625370344
0.188889	20.226047708529226
0.189048	20.22935417156677
0.189206	20.23279955364877
0.189365	20.236108224757693
0.189524	20.239555908066055
0.189683	20.242866789458933
0.189841	20.24631677629996
0.19	20.249629870192337
0.190164	20.253082162875423
0.190328	20.256673796197397
0.190492	20.260128491294573
0.190656	20.263584364961748
0.19082	20.26704141780213
0.190984	21.136428614795033
0.191148	21.14003583397059
0.191311	21.143644284598395
0.191475	21.14739838025383
0.191639	21.151009345000375
0.191803	21.154621543117855
0.191967	21.158379538199302
0.192131	21.16199425435371
0.192295	21.165610205801723
0.192459	21.169372106387918
0.192623	21.172990579799194
0.192787	21.17661029043075
0.192951	21.18037610261306
0.193115	21.183998339142377
0.193279	21.187621814822656
0.193443	21.19139154470513
0.193607	21.195017550225863
0.19377	21.19864479683226
0.193934	21.202418450531646
0.194098	21.20604823092939
0.194262	21.209824521152356
0.194426	21.213456837997327
0.19459	21.21709039916995
0.194754	21.220870623459696
0.194918	21.224506725044208
0.195082	21.228289592747707
0.195246	21.231928237409242
0.19541	21.235568129651714
0.195574	21.239354941707592
0.195738	21.24299738100558
0.195902	21.246786843389412
0.196066	21.25043183241735
0.19623	21.254223947912493
0.196393	22.309205818439906
0.196557	22.313035067636346
0.196721	22.31701888151152
0.196885	22.320850813544276
0.197049	22.324837419035354
0.197213	22.328672036724882
0.197377	22.332661436767182
0.197541	22.96081813138369
0.197705	22.964921913384337
0.197869	22.96886924124371
0.198033	22.972975901952502
0.198197	22.976925999256732
0.198361	22.98103554170375
0.198525	22.984988411368427
0.198689	22.989100838588012
0.198852	22.99305648353281
0.199016	22.99717179856356
0.19918	23.001130221712263
0.199344	22.898509197145852
0.199508	23.33822228784905
0.199672	23.34280958900354
0.199836	23.347562623822924
0.2	23.352153597898326
0.200167	23.356910439098748
0.200333	23.361505090508032
0.2005	23.366265742663728
0.200667	23.371028335484482
0.200833	23.375792870157202
0.201	23.380394954210868
0.201167	23.385163309089922
0.201333	23.38993360934641
0.2015	23.39470585617108
0.201667	23.86069682010415
0.201833	23.865399130163784
0.202	23.87027133413967
0.202167	23.87514552787644
0.202333	23.880021712593244
0.2025	23.884899889510223
0.202667	23.88978005984852
0.202833	23.894493841095798
0.203	23.899377933100787
0.203167	23.90426402215428
0.203333	23.909152109481383
0.2035	23.914042196308205
0.203667	23.918934283861855
0.203833	23.923828373370448
0.204	23.928724466063105
0.204167	23.93345362988911
0.204333	23.9383536634606
0.2045	23.94325570386705
0.204667	23.94815975234158
0.204833	23.953065810118325
0.205	24.858408454713132
0.205167	25.07042544552682
0.205333	25.07556457085141
0.2055	25.080705803521493
0.205667	25.085849144833542
0.205833	25.090994596085093
0.206	25.09614215857474
0.206167	25.101291833602144
0.206333	25.10644362246805
0.2065	25.111597526474245
0.206667	25.116753546923608
0.206833	25.12191168512007
0.207	25.127071942368648
0.207167	25.13223431997542
0.207333	25.137398819247544
0.2075	25.142565441493254
0.207667	25.14773418802185
0.207833	25.152905060143723
0.208	25.158078059170336
0.208167	25.16325318641422
0.208333	25.168430443189006
0.2085	25.956410310410405
0.208667	25.9617529551241
0.208833	25.967097799658852
0.209	25.972444845373595
0.209167	25.977794093628383
0.209333	25.983145545784396
0.2095	25.988499203203936
0.209667	25.99385506725042
0.209833	25.99921313928839
0.21	26.004758297395433
0.210169	26.010120865770777
0.210339	26.015670678188794
0.210508	26.02103774856368
0.210678	26.026592221155
0.210847	26.03214906557739
0.211017	26.037522937837906
0.211186	26.04308445129542
0.211356	26.048648341095728
0.211525	27.12121850227198
0.211695	27.127015162040355
0.211864	27.13262095564489
0.212034	25.672408246901824
0.212203	25.677898731577578
0.212373	25.683391565224277
0.212542	25.68870353866072
0.212712	25.694200996349917
0.212881	25.699700807486803
0.213051	25.70501953008944
0.21322	25.710523974084296
0.21339	27.184536070063185
0.213559	27.190165664713398
0.213729	27.19599183747577
0.213898	27.2018205075796
0.214068	27.207651676630938
0.214237	27.213290850279947
0.214407	27.21912693861854
0.214576	27.22496553067733
0.214746	27.230806628067842
0.214915	27.15387789100018
0.215085	27.159511918995225
0.215254	27.165342684619496
0.215424	27.171175954348282
0.215593	27.17701172979506
0.215763	27.182850012574697
0.215932	27.18849607080679
0.216102	27.19433928939067
0.216271	27.20018502010636
0.216441	27.20603326457424
0.21661	27.211884024416086
0.21678	27.217737301255063
0.216949	27.22339786293876
0.217119	27.229256094612648
0.217288	27.2351168481073
0.217458	27.240980125051447
0.217627	27.2468459270752
0.217797	27.252714255810094
0.217966	27.25858511288906
0.218136	28.299896299479293
0.218305	28.305792026499628
0.218475	28.311893640048297
0.218644	28.317997884699093
0.218814	28.324104762154246
0.218983	28.330214274117434
0.219153	28.33632642229383
0.219322	28.34244120839005
0.219492	28.3485586341142
0.219661	28.35467870117587
0.219831	28.360801411286104
0.22	28.366926766157444
0.220169	28.3730547675039
0.220339	28.37918541704096
0.220508	28.385318716485614
0.220678	28.391454667556324
0.220847	28.397593271973026
0.221017	28.93268269673476
0.221186	28.93894102800766
0.221356	28.945202067303505
0.221525	28.95146581638034
0.221695	28.957732276997728
0.221864	28.964001450916772
0.222034	28.970273339900093
0.222203	28.976547945711843
0.222373	28.982825270117697
0.222542	28.989105314884863
0.222712	28.995388081782078
0.222881	29.00167357257962
0.223051	29.0079617890493
0.22322	29.014462478088344
0.22339	29.020756242228465
0.223559	29.991634052191426
0.223729	29.998142606249676
0.223894	30.004436894267947
0.224063	30.010951006864577
0.224228	30.017467948567962
0.224393	30.023770349837182
0.224558	29.398647611162353
0.224723	29.40427582218744
0.224888	29.40990618860588
0.225053	29.415330061218338
0.225218	29.420964662196344
0.225383	29.426392614832935
0.225548	29.432031455149474
0.225712	29.912220519670843
0.225877	29.917954613787373
0.226042	29.92369090674698
0.226207	29.929216823785882
0.226372	29.93495743667273
0.226537	29.940700252153686
0.226702	30.845982251383486
0.226867	30.851902069993503
0.227032	30.85760478399255
0.227197	30.863529064957092
0.227362	30.86945562113676
0.227526	30.87516482683418
0.227691	30.881095852990136
0.227856	30.887029158248424
0.228021	30.8927448667353
0.228186	30.898682649609007
0.228351	30.904622715481114
0.228516	30.910344937873795
0.228681	30.916289489017878
0.228846	30.922236327065303
0.229011	30.927965074505497
0.229175	30.933916405498923
0.22934	30.939870027309556
0.229505	30.945825941260345
0.22967	30.951563433412552
0.229835	30.957523850600722
0.23	30.96348656385487
0.230167	30.969451574501978
0.230333	30.975418883870056
0.2305	30.981388493288147
0.230667	30.987360404086296
0.230833	30.993334617595604
0.231	30.999311135148165
0.231167	31.00528995807713
0.231333	31.01127108771667
0.2315	31.01725452540197
0.231667	32.357318549914176
0.231833	32.36356410942353
0.232	32.369812080414796
0.232167	32.37606246428489
0.232333	32.38231526243181
0.2325	32.388570476254635
0.232667	32.39505991769764
0.232833	32.401320056674
0.232996	32.40735062578559
0.233163	32.413615516324484
0.23333	32.41988282955093
0.233496	32.426384825935386
0.233659	32.43242472968988
0.233826	32.43869931941682
0.233988	32.44497633746016
0.234151	32.451023169745326
0.234313	32.457304958585105
0.234476	32.46335638758931
0.234638	32.46964295266659
0.234801	32.47569898363337
0.234963	32.48175727408621
0.235126	32.59247740773019
0.235288	32.598559795974616
0.235451	32.60487852552859
0.235613	32.610965543663866
0.235776	32.61728908392628
0.235938	32.62361507703952
0.236101	32.62970909370764
0.236263	32.636039905828355
0.236426	32.64213856567348
0.236588	32.64847420231028
0.23675	32.654577510641055
0.236913	32.66091797731099
0.237075	32.66702593944414
0.237238	32.67337124167263
0.2374	32.06118186475708
0.237563	32.06741186216871
0.237725	32.07364428122601
0.237888	32.07964816003686
0.23805	32.08588533680289
0.238213	32.09189379973409
0.238375	32.09813573965883
0.238538	32.10414879196253
0.2387	32.11039550050432
0.238863	32.11664464044286
0.239025	32.12266463006618
0.239188	32.12891854687655
0.23935	32.134943139087675
0.239513	32.14120183824915
0.239675	34.37547940605972
0.239838	34.38192897896545
0.24	34.388629174435906
0.240164	34.3953319818232
0.240328	34.40203740265491
0.240492	34.40874543845983
0.240656	34.41545609076794
0.24082	34.42216936111039
0.240984	34.42863646762456
0.241148	34.43535488152885
0.241308	34.44207591801131
0.241472	34.448799578607854
0.241633	34.45527669630244
0.241794	34.46200551240892
0.241955	34.46848759752364
0.242116	34.47497212157547
0.242277	34.4817086333234
0.242438	34.48819813331954
0.242599	34.49493981536815
0.24276	34.50143429703828
0.242921	34.508181155342186
0.243081	34.514680624424784
0.243242	34.52143266494776
0.243403	35.6607562789417
0.243564	35.667735204020204
0.243725	35.674458232593224
0.243886	35.681442522260326
0.244047	35.68817071971167
0.244208	35.69516038015526
0.244369	35.70189375244822
0.24453	35.7088887898657
0.24469	35.71562734297275
0.244851	35.72262776357108
0.245012	35.72937150347388
0.245173	35.736377313469546
0.245334	35.743385871400456
0.245495	35.750137451778066
0.245656	35.75715140850786
0.245817	35.7639081907324
0.245978	35.77092755250166
0.246138	35.777689542587204
0.246299	35.784714315646106
0.24646	35.79174184780591
0.246621	35.79851171022438
0.246782	35.80554466312635
0.246943	35.8123197485386
0.247104	35.81935812845715
0.247265	35.7534999535621
0.247426	35.76026913222903
0.247587	35.76730137743347
0.247747	35.77407578362702
0.247908	35.781113460560995
0.248069	35.78815390702241
0.24823	35.79493621529815
0.248391	35.80198210299573
0.248552	35.80903076506938
0.248713	35.8158209892616
0.248874	35.82287510210024
0.249035	35.82993199417493
0.249196	36.31775247901018
0.249356	36.3249096265788
0.249517	36.33206959562477
0.249678	36.3389670488535
0.249839	36.346132561209124
0.25	36.35330089999037
0.250161	36.36047206686988
0.250323	36.36738030946007
0.250484	37.81445029390703
0.250645	37.82191405417206
0.250806	37.829380761390695
0.250968	37.83657371078221
0.251129	37.84404620783948
0.25129	37.85152165702676
0.251452	37.859000060093805
0.251613	37.866481418791786
0.251774	37.873965734873245
0.251935	37.881175650812786
0.252097	37.88866577723035
0.252258	37.89615886623226
0.252419	36.52479166323865
0.252581	36.532017882544636
0.252742	36.539246961748034
0.252903	36.546211001838095
0.253065	36.55344569985372
0.253226	36.56068326280213
0.253387	36.567923692385406
0.253548	36.57516699030702
0.25371	36.582413158271756
0.253871	36.58966219798577
0.254032	36.59691411115658
0.254194	36.604168899493025
0.25435	36.61115771096778
0.254512	36.61841814812264
0.254669	36.62541240237689
0.254826	38.1734154915683
0.254982	38.180709542488636
0.255139	38.1880063813883
0.255296	38.195586820538246
0.255453	38.20288934757906
0.25561	38.21019466746077
0.255766	38.21750278178587
0.255923	38.224813692158065
0.25608	38.23240875253682
0.256237	38.23972536751512
0.256394	38.247044783420854
0.25655	38.2543670018627
0.256707	38.26197381211038
0.256864	38.269301748401325
0.257021	38.27663249212385
0.257178	38.28396604489161
0.257334	38.29158463229561
0.257491	38.29892391619649
0.257648	39.10028141818755
0.257805	39.10777857758306
0.257962	39.11556713290123
0.258118	39.1230701558267
0.258275	39.130576057716105
0.258432	39.138084840226774
0.258589	39.145885472784414
0.258746	39.15340013246865
0.258902	39.16091767781772
0.259059	39.16872741558843
0.259216	39.17625084840417
0.259373	39.1837771719401
0.25953	39.191596030875154
0.259686	39.199128252194924
0.259843	39.20666336930204
0.26	39.214491365389975
0.260161	39.22232248797502
0.260323	39.230156738930624
0.260484	39.23799412013175
0.260645	39.24583463345485
0.260806	39.25367828077787
0.260968	39.261525063980265
0.261129	41.55357973930663
0.26129	41.56219742969719
0.261452	41.570510731303294
0.261613	41.578827359240265
0.261774	41.5871473155049
0.261935	41.595470602095595
0.262097	41.60379722101237
0.262258	41.6124357551035
0.262419	41.620769168285136
0.262581	41.62910591987675
0.262742	41.63744601188483
0.262903	41.64578944631746
0.263065	41.654445429396404
0.263222	41.662486350496756
0.26338	41.67083982426765
0.263541	41.67919664851157
0.263699	41.68755682524465
0.263856	41.695610536225075
0.264018	41.34686787520153
0.264175	41.35516632408265
0.264333	41.36346810468303
0.26449	41.371465562710014
0.264648	41.37977388918955
0.264805	41.38777765438337
0.264963	41.39609253448716
0.26512	41.404410756211476
0.265277	41.41242405579732
0.265435	41.42074884285977
0.265592	41.42907697751731
0.26575	41.437099828541925
0.265907	42.467967606687736
0.266064	42.47619488939647
0.266222	42.48474198072843
0.266379	42.49329251245674
0.266537	42.50152961138704
0.266694	42.5100869025296
0.266852	42.51864764022943
0.267009	42.52689457295985
0.267166	42.53546208218205
0.267324	42.54403304413721
0.267481	42.55260746091292
0.267639	42.56086757390285
0.267796	42.5694487784408
0.267954	42.57803344399472
0.268111	42.58630343203861
0.268268	42.594894897530686
0.268426	42.60348983024895
0.268583	42.61208823229273
0.268741	42.62037145592746
0.268881	42.62802036727825
0.26902	42.63567202456226
0.26916	42.643326429258394
0.2693	42.650664479878806
0.26944	42.65832426921182
0.26958	42.66598681033838
0.26972	42.673652104741635
0.26986	42.68132015390581
0.27	42.68867128737548
0.270154	42.697304110581904
0.27031	42.70562050024438
0.270466	42.71426018069924
0.270623	42.72258317757184
0.270779	42.731229723448706
0.270935	42.73987976995143
0.271089	42.7482127548939
0.271243	44.63397700945344
0.271399	44.643017582136736
0.271553	44.65172678083968
0.271706	44.660439378279825
0.27186	44.66915537644707
0.272013	44.67787477733289
0.272167	44.68693314347382
0.27232	44.695659486844384
0.272474	44.70438923899404
0.272628	44.71312240192054
0.272781	44.7218589776232
0.272935	44.730935189804555
0.273088	44.739678728518335
0.273242	44.748425686092695
0.273396	44.757176064533276
0.273549	44.76626661889666
0.273703	44.775023976859245
0.273856	44.78378476179173
0.27401	44.7925489757061
0.274164	44.80165390627354
0.274317	44.81042511627304
0.274471	44.81919976137741
0.274624	44.828315530820404
0.274778	46.38454204452317
0.274932	46.3936303359304
0.275085	46.40272218943932
0.275239	46.412167502109334
0.275392	46.4212666233141
0.275546	46.430369312990074
0.275699	46.43982588534988
0.275853	46.44893585572124
0.276007	46.458049400948525
0.27616	46.46751725314403
0.276314	46.47663809209725
0.276467	46.48576251230636
0.276621	46.49524166453154
0.276775	46.50437339152825
0.276928	46.51350870619611
0.277082	46.522999178693205
0.277235	46.53214181324152
0.277389	46.54163989172104
0.277543	46.55078985495117
0.277696	46.55994341660586
0.27785	46.56945284928775
0.278003	46.57861375276946
0.278157	46.588130814242746
0.278311	46.597299068388054
0.278451	46.60576527561655
0.278592	46.614234559834124
0.278733	46.62306000467487
0.278874	46.63153557628932
0.279014	46.64001422999987
0.279155	46.64849596748799
0.279296	46.657334391709554
0.279437	46.66582243046976
0.279578	46.67431355812958
0.279718	46.68280777637548
0.279859	46.69165920863166
0.28	46.70015974206568
0.280152	46.70937214677652
0.280303	46.71858818681308
0.280455	46.72780786432757
0.280606	46.737031181473945
0.280758	46.74625814040785
0.280909	48.457490821382365
0.281061	48.46706128992902
0.281212	48.47663553960261
0.281364	48.48621357264436
0.281515	48.49579539129727
0.281667	48.505380997806114
0.281818	48.51533929308446
0.28197	48.52493262795117
0.282121	48.534529757505396
0.282273	48.544130683999065
0.282424	48.55373540968591
0.282576	48.56371357150459
0.282727	48.573326048687655
0.282879	48.58294233192276
0.28303	48.59256242347085
0.283182	48.602186325594666
0.283333	48.61218441346288
0.283485	48.15991682382638
0.283636	48.16946078252591
0.283788	48.1790085246706
0.283939	48.188927494598516
0.284091	48.19848295612124
0.284242	48.20804220793184
0.284394	48.21760525228596
0.284545	48.22754012260756
0.284697	48.237110904908725
0.284848	48.24668548661809
0.285	48.25626386999853
0.285152	48.26621467897764
0.285303	48.275800818933746
0.285455	48.285390767447645
0.285606	48.295353593668025
0.285758	48.30495131281284
0.285909	48.3145528474188
0.286061	49.178505286592404
0.286212	49.1882844191292
0.286364	49.19806744159525
0.286515	49.2082308538702
0.286667	49.21802181299871
0.286818	49.227816669115875
0.28697	49.23799237766024
0.287121	49.24779518484755
0.287273	49.25760189609997
0.287424	49.26778992324236
0.287576	49.27760460000752
0.287727	49.2874231879314
0.287879	49.29762355605449
0.28803	49.30745012396869
0.288182	49.31765878405617
0.288333	49.32749334169317
0.288485	51.10349819093519
0.288636	51.11408511989364
0.288788	51.12428408702525
0.288939	51.13487963090752
0.289091	51.145086898954624
0.289242	51.15569106828033
0.289394	51.165906647381206
0.289545	51.17612630731447
0.289697	51.18674335299657
0.289848	51.196971339126016
0.29	51.20759703652599
0.290152	51.2178333590311
0.290303	51.228467718728524
0.290455	51.238712387805364
0.290606	51.249355420397116
0.290758	51.259608446258376
0.290909	51.27026016235859
0.291061	51.280521555233655
0.291212	51.29118196547381
0.291364	51.30145173560875
0.291515	51.31212085063768
0.291667	51.3223990082953
0.291818	51.333076838779256
0.29197	51.343363394239134
0.292118	51.35365407313901
0.29227	52.54257759114031
0.292419	52.55311293125529
0.292567	52.56365249711085
0.292716	52.57419629124994
0.292865	52.58474431621751
0.293013	52.59529657456059
0.293162	52.60585306882825
0.293311	52.6164138015716
0.293459	52.6269787753438
0.293608	52.63754799270006
0.293757	52.64852821270256
0.293905	52.659106088363494
0.294054	52.66968821538501
0.294202	52.68027459633061
0.294351	52.69086523376589
0.2945	52.70146013025848
0.294648	52.712059288378086
0.294797	52.7226627106965
0.294946	52.73327039978753
0.295094	52.74429059577042
0.295243	52.75490699049293
0.295392	52.76552765982131
0.29554	52.776152606337796
0.295689	54.417544357706355
0.295838	54.42850637146102
0.295986	54.4398946766022
0.296135	54.4508656977282
0.296284	54.46184114162416
0.296432	54.472821010965085
0.296581	54.483805308428096
0.29673	54.495216768608586
0.296878	54.50621010092797
0.297027	54.51720786951708
0.297176	54.528210077061786
0.297324	54.53921672625013
0.297473	54.550651412161066
0.297622	54.56166712380277
0.29777	54.57268728526895
0.297919	54.58371189925643
0.298067	54.59516525244299
0.298216	54.60619895108475
0.298365	54.61723711045538
0.298513	54.628279733260506
0.298662	54.63975179947189
0.298811	54.650803529204794
0.298959	54.66185973060662
0.299108	54.67292040639185
0.299257	54.68441123152689
0.299405	54.69548103658625
0.299554	54.706555324290385
0.299703	54.71806029363094
0.299851	54.72914372747041
0.3	54.74023165223636
0.300152	54.751750791913935
0.300301	54.76284787971798
0.30045	54.77437654075586
0.300599	54.78548280296114
0.300748	54.7970209971693
0.300898	54.80813644515781
0.301047	54.81968418436575
0.301196	54.83080882953826
0.301345	54.84236612559507
0.301494	54.85349997937129
0.301644	54.86506684414568
0.301793	54.876209917964175
0.301942	56.178113524904454
0.302091	56.189528003711985
0.302241	56.20138641147915
0.30239	56.21281035055114
0.302539	56.22467858854576
0.302688	56.23611199964802
0.302837	56.41921920943165
0.302987	56.43069693860637
0.303136	56.44262106280198
0.303285	56.45410831650358
0.303434	56.466042337709816
0.303584	56.47753912779878
0.303733	56.48948305834253
0.303882	56.50098939669903
0.304031	56.51294324892764
0.30418	56.52490216035338
0.30433	56.36483809774622
0.304479	56.3767706247471
0.304628	56.38826598233104
0.304777	56.40020843188608
0.304927	56.41171335048131
0.305076	56.423665734972346
0.305225	56.435623185424404
0.305374	59.171340033407404
0.305523	59.18388499682299
0.305673	59.19643528070215
0.305822	59.208525770944
0.305971	59.22108650854391
0.30612	59.233187071620335
0.30627	59.24575827600752
0.306419	59.258334817562435
0.306568	59.27045060877437
0.306717	59.2830376368809
0.306866	59.295630012236465
0.307016	59.30776106034812
0.307165	59.32036394206944
0.307314	59.332972181146495
0.307463	59.34511851499458
0.307612	59.35773728030147
0.307762	59.370361413096305
0.307911	59.299056266664756
0.30806	59.31120589324127
0.308209	59.32382808378857
0.308359	59.33645564780972
0.308508	59.34862060611126
0.308657	59.36125872804612
0.308806	59.3739022336325
0.308955	59.38655112631116
0.309105	59.39873663620197
0.309254	59.4113961135606
0.309403	59.424060988223594
0.309552	59.43673126364337
0.309702	59.449406943275285
0.309851	59.46161826420408
0.31	59.47430456216406
0.310152	59.486996274591576
0.310303	59.50016377313451
0.310455	59.51286652576065
0.310606	59.52557470339305
0.310758	59.53828830950777
0.310909	59.55100734758382
0.311061	59.56420320233004
0.311212	59.576933316286514
0.311364	59.589668872788494
0.311515	59.60240987532705
0.311667	59.615628522914065
0.311815	59.62790823249296
0.311964	59.64066559411737
0.312113	59.65342841577243
0.312262	59.66619670096417
0.312411	59.67897045320158
0.31256	59.6912762738532
0.312708	59.7040607679149
0.312857	64.34945758797484
0.313006	64.3632456631663
0.313155	64.37703964833021
0.313304	64.39083954726718
0.313452	64.40413393167303
0.313601	64.41794545019249
0.31375	64.43176289376517
0.313899	64.44558626620461
0.314048	64.45941557132763
0.314196	64.47325081295429
0.314345	64.48709199490797
0.314494	64.50093912101529
0.314643	64.51427901217504
0.314792	64.52813781757673
0.31494	64.54200257848963
0.315089	64.5558732987534
0.315238	64.56974998221106
0.315387	64.58363263270891
0.315536	64.59752125409656
0.315685	64.61141585022692
0.315828	64.62480148219589
0.315972	64.63819266155207
0.316116	64.65158939174466
0.31626	64.66499167622574
0.316404	64.67839951845023
0.316548	64.69181292187592
0.316691	64.7052318899635
0.316835	64.71865642617648
0.316979	64.7320865339813
0.317123	64.74552221684722
0.317267	64.7594805612915
0.317411	64.77292761946111
0.317555	64.78638026325086
0.317698	64.79983849614165
0.317842	64.81330232161733
0.317986	64.82677174316464
0.31813	64.8402467642732
0.318274	64.85372738843556
0.318418	64.86773243234092
0.318562	64.88122448894103
0.318705	64.8947221592247
0.318849	64.9082254466962
0.318993	64.92173435486275
0.319137	64.93524888723447
0.319281	64.94876904732439
0.319425	64.96281517389752
0.319568	64.97634681676628
0.319712	64.98988409804547
0.319856	65.00342702125997
0.32	65.0169755899376
0.320145	65.03105123653408
0.32029	64.39894782900991
0.320435	64.4128956049449
0.32058	64.42633250799719
0.320725	64.43977501825077
0.32087	64.4537404867338
0.321014	64.46719443792647
0.321159	64.48117179496869
0.321304	64.49463720171275
0.321449	64.50862646250137
0.321594	64.52210333943404
0.321739	64.5361045191822
0.321884	64.54959288096565
0.322029	64.56360599491241
0.322174	64.57710585623377
0.322319	64.59113091964419
0.322464	66.51209682748265
0.322609	66.52601294775202
0.322754	66.54047046827351
0.322899	66.55493427401561
0.323043	66.568868327428
0.323188	66.58334448275049
0.323333	66.59729043596678
0.323478	66.61177895669303
0.323623	66.62573682496354
0.323768	66.64023772694392
0.323913	66.65420752554505
0.324058	66.66872082465707
0.324203	66.68270256889132
0.324348	66.69722828103963
0.324493	66.7112219862357
0.324638	66.7257601273522
0.324783	66.74030460634144
0.324928	66.75431639490884
0.325072	66.76887332696604
0.325217	66.78289711507728
0.325362	66.79746651620287
0.325507	66.81204227565605
0.325652	66.82608420550082
0.325797	66.84067245822594
0.325942	66.85472642636266
0.326087	66.8693271884291
0.326232	66.88393432936604
0.326377	66.8980064978499
0.326522	66.91262617243605
0.326667	66.92725223829197
0.326812	66.94134264250098
0.326957	66.95598126637698
0.327101	66.97062629395425
0.327246	66.98473496935812
0.327391	66.99939257938958
0.327536	67.014056605586
0.327681	67.02818358774648
0.327826	67.04286022089467
0.327971	67.05754328270389
0.328116	67.0722327773989
0.328261	67.08638430059727
0.328406	67.10108643510902
0.328551	67.11579501504607
0.328696	67.12996492848745
0.328841	67.14468617288787
0.328986	67.15941387528576
0.32913	67.17414803993158
0.329275	67.18834260641326
0.32942	67.20308946858758
0.329565	67.21784280562575
0.32971	67.2326026217931
0.329855	67.24736892135863
0.33	67.26159445258487
0.330145	67.27637349125007
0.33029	67.29115902598451
0.330435	67.30595106107208
0.33058	67.3207496008005
0.330725	67.33500619820403
0.33087	71.01604980197874
0.331014	71.03167425882893
0.331159	71.04730559236049
0.331304	71.06294380711431
0.331449	77.89114249919703
0.331594	77.90765926091869
0.331739	77.9248186983752
0.331884	77.94198569635053
0.332029	77.95916025984252
0.332174	77.9763423938535
0.332319	77.9935321033902
0.332464	78.0107293934637
0.332609	78.0279342690896
0.332754	78.04450910112114
0.332899	78.06172888150806
0.333043	78.07895626233427
0.333188	78.09619124863285
0.333333	78.11343384544135
0.333478	78.13068405780183
0.333623	78.14794189076069
0.333768	78.1652073493689
0.333913	78.18248043868184
0.334058	78.19976116375935
0.334203	78.2170495296658
0.334348	78.23434554146996
0.334493	78.25164920424515
0.334638	78.26896052306918
0.334783	78.28627950302429
0.334928	78.30360614919728
0.335072	78.32094046667943
0.335217	78.33828246056653
0.335362	78.35563213595893
0.335507	78.37298949796138
0.335652	78.3903545516833
0.335797	78.40772730223854
0.335942	78.42510775474551
0.336087	78.44249591432721
0.336232	78.45989178611107
0.336377	78.4772953752292
0.336522	78.49470668681816
0.336667	78.51212572601914
0.336812	78.52955249797787
0.336957	78.54698700784462
0.337101	78.56442926077429
0.337246	78.5818792619263
0.337391	78.59933701646472
0.337536	78.61744954947923
0.337681	80.93684458042938
0.337826	80.95483765426656
0.337971	80.97283872996483
0.338116	80.99084781286332
0.338261	81.00886490830578
0.338406	81.0268900216408
0.338551	81.04492315822169
0.338696	81.06363266896405
0.338841	81.08168216577313
0.338986	81.09973970211556
0.33913	81.11780528336398
0.339275	81.13587891489574
0.33942	81.15396060209304
0.339565	81.17272049589667
0.33971	81.19081860945161
0.339855	81.20892479504741
0.34	81.22703905808567
0.340149	81.24583275726535
0.340299	81.26463515514618
0.340445	81.28344625776887
0.340592	81.30159378492385
0.340742	81.32042200375481
0.340891	81.33993185457928
0.34104	84.73824475252138
0.341187	84.75718114331377
0.341337	84.77682782338077
0.341486	84.79648361374441
0.341635	84.8161485207429
0.341782	84.83582255072038
0.341929	84.85550571002682
0.342078	84.87519800501812
0.342228	84.89489944205607
0.342375	84.91461002750839
0.342521	84.93362533359976
0.342668	84.95335390771308
0.342814	84.97309164915119
0.342961	84.99213315929767
0.343108	85.01188892659354
0.343254	85.03165388017683
0.343401	85.05072164858151
0.343548	85.07050466532192
0.343694	85.09029688736472
0.343841	85.10939096838031
0.343988	85.12920129098256
0.344134	75.99980363183936
0.344281	76.0168695979407
0.344428	76.03457573422392
0.344574	76.05229012078905
0.344721	76.07001276340387
0.344867	76.08711027892573
0.345014	76.1048491555936
0.345161	76.12259630544
0.345307	76.13971746917233
0.345454	76.1574808867643
0.345601	76.17525259471111
0.345747	76.19303259881788
0.345894	76.21082090489516
0.346041	76.22798178228605
0.346187	79.67935548959866
0.346334	79.69797060811105
0.346481	79.71659442658367
0.346627	79.73522695111699
0.346774	79.7532022792765
0.34692	79.77185192278296
0.347067	79.79051029046713
0.347214	79.80917738845206
0.34736	79.82785322286665
0.347507	79.84653779984544
0.347654	79.86456335603769
0.3478	79.88326512379244
0.347947	79.90197565232975
0.348094	79.92069494780706
0.34824	79.9394230163875
0.348387	79.95815986423997
0.348534	79.97690549753926
0.34868	79.99565992246582
0.348827	80.01375287854535
0.348973	80.03252459075576
0.34912	80.05130511294833
0.349267	80.07009445132664
0.349413	80.08889261210003
0.34956	80.10769960148366
0.349707	80.12651542569863
0.349853	80.14534009097179
0.35	80.16417360353586
0.350154	80.7373414876129
0.350308	80.75767937402723
0.350462	80.7773490729467
0.350615	80.7970283558789
0.350769	80.81739632766751
0.350923	80.83709513074292
0.351077	80.85748331080565
0.351231	80.87720166308212
0.351385	80.89692963495698
0.351538	80.91734801210173
0.351692	80.93709557662542
0.351846	80.95753423712458
0.352	80.977301423499
0.352157	80.99776039759139
0.352314	81.01822971224571
0.352467	92.62929554782805
0.352621	92.65271596102325
0.352778	92.67614822045937
0.352935	95.51381149103385
0.353092	95.53797955790797
0.353246	95.5621598584744
0.353403	95.58635240202433
0.35356	95.61055719785845
0.353717	95.63477425528686
0.353874	95.65900358362907
0.354031	95.68324519221407
0.354188	95.70749909038028
0.354345	95.73176528747558
0.354502	95.75685328845547
0.354659	95.78114452224052
0.354816	95.80544808336803
0.354974	95.82976398122423
0.355131	95.85409222520488
0.355288	95.87924439093183
0.355445	93.07789394807662
0.355602	93.10154178698619
0.355759	93.12520164512775
0.355916	93.14887353166692
0.356073	93.1733471273367
0.35623	93.19704349992227
0.356387	93.22075192876503
0.356544	93.2452633141133
0.356701	93.26899628573769
0.356858	93.29274134156495
0.357016	93.31649849082686
0.357173	93.34106025970546
0.35733	93.36484202745999
0.357487	93.38863591670983
0.357644	93.4132356797523
0.357801	93.43705424463971
0.357958	93.46088495917
0.358115	93.48552280460333
0.358272	93.50937825209313
0.358429	93.5332458774606
0.358586	93.55792189378515
0.358743	93.58181430961174
0.3589	96.44744671796505
0.359058	96.47291128192522
0.359215	96.49756721454287
0.359372	96.52305825503346
0.359529	96.54773983008035
0.359686	96.57325738841587
0.359843	96.59796464591541
0.36	96.6226845488368
0.360161	96.6490663942925
0.360323	96.67463754902948
0.360484	96.70022223844461
0.360645	96.72582047328648
0.360806	96.75225867694523
0.360968	99.24278743326815
0.361129	99.2690798341367
0.361293	99.2962349936058
0.361455	99.32340501378393
0.361616	99.34974015371593
0.36178	99.37693946658686
0.361945	99.4041536764311
0.362109	99.43138279549056
0.362273	99.45862683602056
0.362438	99.48588581028979
0.362602	99.51315973058045
0.362767	99.54044860918825
0.362931	99.5677524584223
0.363095	99.59507129060529
0.36326	99.6224051180734
0.363424	99.64975395317637
0.363589	99.67711780827752
0.363753	99.70449669575372
0.363917	99.73189062799547
0.364082	99.75929961740687
0.364246	99.78672367640569
0.364411	99.81416281742332
0.364575	99.84161705290487
0.364739	99.86994505581735
0.364904	99.89742999029897
0.365068	99.92493005705244
0.365233	99.95244526857815
0.365397	99.9799756373903
0.365561	100.00752117601684
0.365726	100.03508189699959
0.36589	100.06351980524283
0.366054	105.53548593375213
0.366219	105.5645944034845
0.366383	105.59371893486225
0.366548	105.62285954118293
0.366712	105.65292764184423
0.366876	105.68210094139155
0.367041	105.71129035627983
0.367205	105.7404958998659
0.36737	105.77063102344587
0.367534	105.79986936963111
0.367698	105.82912388509247
0.367863	105.85839458324648
0.368027	105.88859695409002
0.368192	105.91790056470413
0.368356	105.9472203987705
0.36852	105.97747348376153
0.368685	106.00682631321995
0.368849	106.03619540702724
0.369014	106.06649933400769
0.369178	106.09590150641789
0.369342	106.12531998421112
0.369507	106.15567488145292
0.369671	106.18512652133992
0.369836	106.21459450778228
0.37	106.24500050398927
0.370169	106.27542391379838
0.370339	106.30678747405037
0.370508	106.33724628479777
0.370678	106.36864635057466
0.370847	106.39914062408559
0.371017	106.42965238709955
0.371186	106.46110705740396
0.371356	106.49165437572596
0.371525	106.52314571078816
0.371695	106.55372864660323
0.371864	106.58525671056731
0.372038	106.61680343766098
0.372211	106.64836884446072
0.37238	106.67995294756257
0.372553	106.7115557635823
0.372726	106.74317730915537
0.372899	106.77574848171248
0.373073	106.80740808847962
0.373246	106.83908647531617
0.373419	106.87171621376847
0.373592	106.9034327645014
0.373765	106.93516814600171
0.373939	106.96785660845147
0.374112	106.9996302569203
0.374285	107.03235814746276
0.374458	107.06417013215612
0.374631	107.0960010326851
0.374805	107.12878791251143
0.374978	107.16065725295839
0.375151	107.19348373912852
0.375324	107.2253915891673
0.375497	107.25731844062307
0.37567	107.29020418296382
0.375844	107.32216964833084
0.376017	107.35509517634259
0.37619	107.38709932571562
0.376363	107.42006471164206
0.376536	111.58475480333628
0.37671	111.61902951607844
0.376883	111.6533252911402
0.377056	113.48087463753157
0.377229	113.51576361183204
0.377402	113.54967630657056
0.377575	113.58460760547919
0.377749	113.6185614529597
0.377922	113.65353515354063
0.378095	113.6885303917355
0.378268	113.72254640822092
0.378441	113.75758416459668
0.378615	113.79164152209451
0.378788	113.82672187418576
0.378961	113.86182386249898
0.379134	113.89594367363685
0.379307	113.93108837488592
0.37948	113.96625477192556
0.379654	114.00144288485214
0.379827	114.03564643627669
0.38	114.07087741948118
0.380175	114.10613017843397
0.380351	114.14140473333025
0.380526	114.1777098928998
0.380702	114.21302872456347
0.380877	114.2483694134856
0.381053	114.2837319799622
0.381228	114.32012775097692
0.381404	114.35553476008516
0.381579	114.39096370836927
0.381754	114.42641461622674
0.38193	116.24668922644364
0.382105	116.28273790515648
0.382281	116.31880894855522
0.382456	116.35593394742172
0.382632	116.39205042316344
0.382807	116.42818932672266
0.382982	116.46538419055699
0.383158	116.50156865476718
0.383333	116.53881042529535
0.383509	116.57504053636892
0.383684	116.61129318120862
0.38386	116.64860514674554
0.384035	116.6849035675654
0.384211	116.72226266155715
0.384386	116.75860694511354
0.384561	116.79601325690791
0.384737	116.83240349017649
0.384912	116.86985710934732
0.385088	116.90629337952386
0.385263	116.94379439587162
0.385439	116.98027679037263
0.385614	117.0178252939253
0.385789	117.05435390038873
0.385965	117.09194998140238
0.38614	117.12852488768841
0.386316	117.16616863664798
0.386491	117.20278993083959
0.386667	117.24048143845962
0.386842	117.27819719647106
0.387018	117.31488856608881
0.387193	117.35265221990669
0.387368	120.73042670675454
0.387544	120.76823429351907
0.387719	120.80714680893196
0.387895	120.84608440829022
0.38807	120.88396447916995
0.388246	120.92295162078406
0.388421	120.96196391854855
0.388596	120.99991668219164
0.388772	121.03897866488954
0.388947	121.07806587622026
0.389123	121.11717834063296
0.389298	121.15522858156649
0.389474	121.19439092245052
0.389649	121.23357858927173
0.389825	121.2727916066052
0.39	121.31202999905773
0.390179	121.35129379126802
0.390357	121.39167473819965
0.390536	121.4309901112425
0.390714	121.47142412404074
0.390893	121.51079117962549
0.391071	121.55127836296239
0.39125	121.59069720306604
0.391429	121.63123766188912
0.391607	121.6707083887571
0.391786	121.71130222829024
0.391964	121.75192316407026
0.392143	121.79147227018171
0.392321	121.83214674575235
0.3925	124.20123218908944
0.392679	124.2427387969058
0.392857	124.28427315604787
0.393036	124.32471162783206
0.393214	124.36630082127753
0.393393	124.40791784892892
0.393571	124.4484368345944
0.39375	124.49010886039515
0.393929	124.53180880361242
0.394107	124.57353669230973
0.394286	124.6141636497221
0.394464	124.65594675654718
0.394643	124.69775789250693
0.394821	124.73959708581476
0.395	124.78033244712147
0.395179	124.8222270797102
0.395357	124.86414985374869
0.395536	124.90610079760118
0.395714	124.94807993967011
0.395893	124.9900873083961
0.396071	125.03212293225796
0.39625	125.07304960527932
0.396429	125.1151410594323
0.396607	125.15726085361464
0.396786	125.19940901645785
0.396964	125.241585576632
0.397143	125.28379056284585
0.397321	125.32602400384681
0.3975	129.347330474057
0.397679	129.39096316063714
0.397857	129.43462529434632
0.398036	129.47831690500485
0.398214	129.52203802247325
0.398393	129.5657886766525
0.398571	129.60956889748388
0.39875	129.65337871494918
0.398929	129.69721815907084
0.399107	129.74108725991175
0.399286	129.7849860475756
0.399464	129.82891455220678
0.399643	129.87406127798607
0.399821	129.91805011236252
0.4	129.9620687552035
0.400179	130.0061172368181
0.400357	130.0501955875568
0.400536	130.09430383781105
0.400714	130.1396353574787
0.400893	130.1838043082683
0.401071	130.22800325082113
0.40125	130.27223221569523
0.401429	130.31768784054435
0.401607	130.36197775539628
0.401786	130.40629778532295
0.401964	130.45064796105012
0.402143	130.4962282014278
0.402321	130.54063957794392
0.4025	130.58508119352317
0.402679	132.85302798511748
0.402857	132.89828806996883
0.403036	132.94357900354706
0.403214	132.9901261601657
0.403393	135.61516722936622
0.403571	135.6614317851158
0.40375	135.70897960293388
0.403929	135.75530819916492
0.404107	135.80292185657012
0.404286	135.84931462634424
0.404464	135.8969942601837
0.404643	135.94345133693133
0.404821	135.99119708443172
0.405	136.03771860195354
0.405179	136.08553060072225
0.405357	136.1321166931903
0.405536	136.179995081217
0.405714	136.22664588317616
0.405893	136.27459079883383
0.406071	136.32130644520294
0.40625	136.36931802724956
0.406429	136.41736344001862
0.406607	136.4641770409023
0.406786	136.51228932985182
0.406964	136.56043555604109
0.407143	136.60734741985283
0.407321	136.65556073289517
0.4075	136.70380809014216
0.407679	136.75081852659153
0.407857	136.7991331822501
0.408036	136.84748198952818
0.408214	136.89586498464914
0.408393	136.94300762776626
0.408571	136.99145820539164
0.40875	137.03994307887982
0.408929	137.0884622846583
0.409107	137.13573769293228
0.409286	137.1843247669093
0.409464	137.2329462818058
0.409643	137.28160227425488
0.409821	137.33029278094168
0.41	137.3790178386033
0.410179	137.42777748402906
0.410357	137.4752872504143
0.410536	137.5241152693276
0.410714	137.57297798571392
0.410893	141.76523406342238
0.411071	141.81563947997827
0.41125	141.86608075313495
0.411429	141.91655792116666
0.411607	141.96707102240214
0.411786	142.0176200952248
0.411964	142.06820517807262
0.412143	142.11882630943842
0.412321	142.16948352786986
0.4125	142.22017687196964
0.412679	142.27090638039553
0.412857	142.3230085208808
0.413036	142.37381142840871
0.413214	144.53450332212535
0.413393	144.58613249232877
0.413571	144.63779856062453
0.41375	144.68950156658204
0.413929	144.74124154982718
0.414107	144.7943816029252
0.414286	144.84619663556427
0.414464	144.89804876575758
0.414643	144.94993803336007
0.414821	145.0018644782836
0.415	145.05519610824564
0.415179	145.10719800877314
0.415357	145.15923720775703
0.415536	148.2509593530696
0.415714	148.30416465000505
0.415893	148.3574081499975
0.416071	148.41209256220333
0.41625	148.46541359992136
0.416429	148.51877296544487
0.416607	148.57357642217866
0.416786	148.6270135787577
0.416964	148.68048918843425
0.417143	148.73541207884827
0.417321	148.78896573401508
0.4175	148.84396881142462
0.417679	138.64829331110192
0.417857	138.69958510445753
0.418036	138.7495982396011
0.418214	138.80096502807083
0.418393	138.85105131550725
0.418571	138.90249326369002
0.41875	138.95265286403233
0.418929	139.00417013700905
0.419107	149.2991605728211
0.419286	149.35455440487334
0.419464	149.40998935725773
0.419643	149.46404249658556
0.419821	149.51955876982282
0.42	149.57511629983
0.420179	149.62928900519302
0.420357	149.684928126026
0.420536	149.7406086406709
0.420714	149.79490130923006
0.420893	149.85066368587002
0.421071	149.9064675939715
0.42125	149.9623130799505
0.421429	150.01676666711762
0.421607	150.07269437930864
0.421786	150.12866380784396
0.421964	150.1846749994151
0.422143	150.2392902216743
0.422321	150.29538400583843
0.4225	150.35151969232842
0.422679	150.40769732811376
0.422857	150.46391696023403
0.423036	150.5201786357992
0.423214	150.57648240198978
0.423393	150.63282830605687
0.423571	150.68921639532223
0.42375	150.7456467171787
0.423929	150.80067077511248
0.424107	150.85718461869618
0.424286	146.2817547092461
0.424464	146.33661616991657
0.424643	146.39292709784078
0.424821	146.44787199397027
0.425	146.50285814994996
0.425179	146.55788561227226
0.425357	146.61295442749946
0.425536	146.66806464226391
0.425714	159.29355814904608
0.425893	159.35347991269256
0.426071	159.4134467750737
0.42625	159.4734587871225
0.426429	159.53505652318813
0.426607	159.59516014865207
0.426786	159.65530907835634
0.426964	159.7155033635436
0.427143	159.77574305553387
0.427321	159.83757457700426
0.4275	159.89790640446284
0.427679	159.95828379447266
0.427857	160.01870679866641
0.428036	160.0807265484067
0.428214	160.14124210910876
0.428393	160.2018034406927
0.428571	160.26396522770392
0.42875	160.32461943393673
0.428929	160.38687658655942
0.429107	160.44762388124886
0.429286	160.5084172100293
0.429464	160.57081721671995
0.429643	160.6317039545392
0.429821	160.6941998757751
0.43	160.75518023808348
0.430179	160.81777229517886
0.430357	160.87884649808962
0.430536	160.94153491304016
0.430714	161.00270317333224
0.430893	163.80499361536116
0.431071	163.86729814309314
0.43125	163.9312494765799
0.431429	163.99365010445513
0.431607	164.05770011621283
0.431786	164.1218001787729
0.431964	164.18434598534307
0.432143	164.24854507074554
0.432321	164.3127943818228
0.4325	164.37548587432798
0.432679	164.43983455442518
0.432857	164.50423363588533
0.433036	164.56707132393123
0.433214	164.63157012220435
0.433393	164.69611949834888
0.433571	164.76071951188044
0.43375	164.82537022240805
0.433929	164.8884535338769
0.434107	164.95320454645648
0.434286	165.01800643392318
0.434464	165.08285925625916
0.434643	168.35686227195546
0.434821	168.42307932692967
0.435	168.48934849054442
0.435179	168.55401115467026
0.435357	168.6203834137166
0.435536	168.68680796475064
0.435714	168.75328486959484
0.435893	168.8198141901691
0.436071	168.88639598849102
0.43625	168.95303032667607
0.436429	169.01971726693782
0.436607	169.0864568715881
0.436786	169.15324920303718
0.436964	169.22176612871712
0.437143	169.28866542349027
0.437321	169.3556176344547
0.4375	169.42262282441885
0.437679	169.48968105629078
0.437857	169.55679239307807
0.438036	169.62395689788818
0.438214	169.692855759902
0.438393	169.7601281236558
0.438571	169.82745384694223
0.43875	169.89483299327256
0.438929	169.96226562625893
0.439107	170.0314396508641
0.439286	170.09898078957622
0.439464	170.1665756079869
0.439643	170.2359160733151
0.439821	170.30361978930318
0.44	170.37137737896242
0.440182	170.44088488645065
0.44036	170.51044913193712
0.440539	170.5783714340362
0.440721	170.64804797605703
0.440903	170.71948299195418
0.441081	170.78757196534863
0.441259	170.8557152729995
0.441442	170.9273242944691
0.441624	170.9972862617052
0.441802	171.06559705528616
0.44198	171.13567228387765
0.442162	171.20580494716228
0.442341	171.2759951157805
0.442519	171.3447002182619
0.442697	171.4141466288726
0.442875	171.4836493558961
0.443053	171.55320846786344
0.443231	171.62299599362697
0.443409	171.69266822116697
0.443587	171.76256928010116
0.443766	171.83252727970967
0.443944	171.90254228959566
0.444122	171.97278704135655
0.4443	172.04291642191103
0.444478	172.11327596650654
0.444656	172.18351999819805
0.444834	172.25399461724714
0.445012	172.3245269503634
0.445191	172.3952905797872
0.445369	172.46593869616925
0.445547	172.53681853623812
0.445725	172.6075827212184
0.445903	172.67857905843562
0.446081	172.7496338236072
0.446259	172.8209214580348
0.446437	172.89209343935218
0.446616	172.9634987226005
0.446794	179.76760644609786
0.446972	179.84173097482292
0.44715	179.9162804631329
0.447328	179.99070972870908
0.447506	180.06520060080828
0.447684	180.1399355116917
0.447862	180.21473248482803
0.448041	180.28959159755712
0.448219	180.36451292734736
0.448397	180.439496551796
0.448575	180.5147256639588
0.448753	180.58983426344537
0.448931	180.66518881206608
0.449109	183.52780395206386
0.449287	183.60444838720744
0.449466	183.68115686522165
0.449644	183.75811633932395
0.449822	183.83514033004118
0.45	181.11919305954422
0.450185	181.1981266429214
0.45037	181.27712905640968
0.450552	181.35490661246968
0.450734	181.4327509386166
0.450919	181.51214326623716
0.451104	181.591790413137
0.45129	181.67150748872265
0.451471	181.7496239045833
0.451653	181.82780752745398
0.451838	181.90791795462047
0.452024	181.9880990036506
0.452209	182.06835076797125
0.45239	182.146808905296
0.452576	182.22738734148356
0.452762	185.1194061039481
0.452947	185.20137208360197
0.453133	188.73452963488043
0.453318	188.81836406227953
0.453504	188.9020791289994
0.45369	188.986062503981
0.453875	189.0701205879808
0.454061	189.154447869685
0.454246	189.2386558442116
0.454432	189.32313356353427
0.454618	189.40768673966295
0.454803	189.49231547374157
0.454989	189.57701986709498
0.455174	189.6618000212292
0.45536	189.74685164628653
0.455546	189.8319795863876
0.455731	189.91718394429242
0.455917	190.00246482294543
0.456102	190.08782232547614
0.456288	157.99058195439355
0.456474	158.06178559141625
0.456659	158.13305343788528
0.456845	158.20438558069324
0.45703	158.27594593446048
0.457216	158.34740707922066
0.457402	158.41909690618954
0.457587	158.4908516759226
0.457773	158.5626714767059
0.457958	158.63455639698554
0.458144	158.7066712458183
0.45833	158.7788516909092
0.458515	158.85109782179927
0.458701	158.92340972819264
0.458886	158.99578749995683
0.459072	159.06839669929283
0.459258	160.75438265409
0.459443	160.82786206987237
0.459629	160.9014086899639
0.459814	160.97502260660428
0.46	161.04887182816537
0.460185	161.12262076912128
0.46037	161.19643728457189
0.460556	161.27032146743522
0.460741	161.34427341079973
0.460926	161.41846189547041
0.461111	161.49271863745315
0.461296	198.20389927631282
0.461481	198.29516225465136
0.461667	198.386509315776
0.461852	198.47814847024688
0.462037	193.3403415198657
0.462222	165.41975179192883
0.462407	165.49626890052028
0.462593	165.57303057921186
0.462778	165.64968958864537
0.462963	165.72659368776348
0.463148	165.8035692266468
0.463333	165.88061630488713
0.463519	165.95790958029636
0.463704	166.0352749200082
0.463889	168.40702306657448
0.464074	168.4856033019629
0.464259	168.56443453478337
0.464444	168.64316177238283
0.46463	168.72214054596432
0.464815	168.80119332870441
0.465	168.8803202246802
0.465185	168.9595213381641
0.46537	169.0389754058655
0.465556	169.11850423607706
0.465741	169.19810793437046
0.465926	169.27778660651614
0.466111	169.35754035848396
0.466296	169.4375487720638
0.466481	169.51763281701855
0.466667	169.59779260063962
0.466852	169.6780282304215
0.467037	169.75833981406208
0.467222	169.838907786364
0.467407	173.3670965673311
0.467593	173.4494554453999
0.467778	173.5318926106265
0.467963	173.61440817468898
0.468148	173.69718711179453
0.468333	173.78004502415618
0.468519	173.86298202484738
0.468704	173.94618361985724
0.468889	174.0292793144621
0.469074	174.11264018585854
0.469259	174.19608095605278
0.469444	174.27960173997064
0.46963	174.36338893584312
0.469815	174.44707027171486
0.47	177.52575936168148
0.470189	177.612940632555
0.470377	177.7000173560795
0.470566	177.7873699060657
0.470755	177.87499897027362
0.470943	177.962523679839
0.471132	178.0503255337328
0.471325	178.1401256524175
0.471513	178.22810288501103
0.471702	178.31616705835222
0.471895	178.40642733289852
0.472088	178.49677902981213
0.472281	178.58741440946955
0.472469	178.67583410718404
0.472662	178.76665146203734
0.472855	178.85775388863217
0.473049	178.9489492171621
0.473242	179.0402375898051
0.473435	179.13161914902946
0.473628	179.2232875295599
0.473821	179.31504977843602
0.474014	179.40690603991325
0.474207	179.4988564585429
0.4744	179.59090117917268
0.474593	179.68323483331804
0.474786	182.75225724379183
0.474979	182.84631297056652
0.475173	182.9406638793592
0.475366	183.03511221084315
0.475559	183.12965811598806
0.475752	183.22430174607567
0.475945	183.31904325270062
0.476138	183.41408213378628
0.476331	183.50921960881928
0.476524	183.6044558313022
0.476717	183.69999092304306
0.47691	183.7954253100353
0.477104	183.8911592916241
0.477297	183.98719364933058
0.47749	184.0831275609826
0.477683	184.17936258082062
0.477876	184.2756982728198
0.478069	187.73900095177282
0.478262	187.8373013584722
0.478455	187.9359103024864
0.478648	188.03462283435152
0.478841	188.13343911738056
0.479035	188.2325655075598
0.479228	188.33159000123277
0.479421	188.43092536554627
0.479614	188.53057241962273
0.479807	188.63011785657181
0.48	188.72997575391167
0.4802	188.83346705702337
0.4804	188.9372796617835
0.4806	189.0409985051093
0.4808	189.14503948203762
0.481	189.249403468483
0.4812	189.35367403145682
0.4814	189.45826844384874
0.4816	189.56297847097574
0.4818	189.66801365377333
0.482	189.77316529924792
0.4822	189.87843360120712
0.4824	189.98381875388876
0.4826	190.08932095196224
0.4828	190.19515090495366
0.483	190.30109876270504
0.4832	190.40737570684323
0.4834	190.51356020137632
0.4836	190.6200746499355
0.4838	190.7269199609247
0.484	190.833673185032
0.4842	190.94075814757815
0.4844	191.0479633575351
0.4846	191.15528901755826
0.4848	191.2629482155651
0.485	194.52104851755317
0.4852	194.63072686311213
0.4854	194.74074608292543
0.4856	194.85088975456569
0.4858	194.96115808931907
0.486	195.07155129895025
0.4862	195.18228770425358
0.4864	195.2931499045939
0.4866	199.1695307681204
0.4868	199.2827863519552
0.487	199.39639413717956
0.4872	199.51013152808846
0.4874	199.62422258222006
0.4876	199.73822010645853
0.4878	199.85257225208522
0.488	199.96728001384815
0.4882	200.08189466333073
0.4884	200.19686589649743
0.4886	200.31196933537328
0.4888	200.42743084862528
0.489	200.54279964378296
0.4892	200.65852749231212
0.4894	200.77461540770798
0.4896	200.89061103751706
0.4898	201.0069677228232
0.49	201.12345927480587
0.490213	201.24782034930564
0.490421	201.3696020691809
0.490629	201.49153126660204
0.490837	201.61383652933196
0.491046	201.73629036071443
0.491254	201.85889303162168
0.491462	201.98187396762853
0.49167	202.10500484531374
0.491879	202.228285939064
0.492087	202.35194751846595
0.492295	202.4755301512032
0.492503	202.59972494343467
0.492712	202.72384134558536
0.49292	202.848341037362
0.493128	202.97322515119865
0.493336	203.09803143603602
0.493545	203.22322327906525
0.493753	203.34856955652612
0.493961	203.47430310731377
0.494169	203.60019224028017
0.494378	203.72623724437912
0.494586	203.85267182792498
0.494794	203.97926344211342
0.495002	204.10601237967217
0.495211	204.2329189340571
0.495419	204.36021798186226
0.495627	204.4879106961227
0.495835	204.61552791608227
0.496043	204.74353998597988
0.496252	204.87194808929576
0.49646	205.00028130528594
0.496668	205.12901175039642
0.496876	205.25814061867362
0.497085	205.38719521621147
0.497293	205.51664944499421
0.497501	205.6465045097573
0.497709	205.77628593012824
0.497918	205.90646940709308
0.498126	206.03705615620063
0.498334	206.16780864775396
0.498542	206.2987271974973
0.498751	210.0841026241063
0.498959	210.21792160668235
0.499167	210.3519111774547
0.499375	210.48607166282204
0.499584	210.62064823084253
0.499792	210.75564214973497
0.5	210.89056375463474
