/*--------------------------------*- C++ -*----------------------------------*\
| =========                 |                                                 |
| \\      /  F ield         | OpenFOAM: The Open Source CFD Toolbox           |
|  \\    /   O peration     | Version:  dev                                   |
|   \\  /    A nd           | Web:      www.OpenFOAM.org                      |
|    \\/     M anipulation  |                                                 |
\*---------------------------------------------------------------------------*/
FoamFile
{
    version     2.0;
    format      ascii;
    class       labelList;
    note        "nPoints:7206  nCells:7008  nFaces:24627  nInternalFaces:10413";
    location    "constant/polyMesh";
    object      neighbour;
}
// * * * * * * * * * * * * * * * * * * * * * * * * * * * * * * * * * * * * * //


10413
(
442
484
1736
947
1308
2400
274
611
4115
115
673
2003
87
2834
5776
224
528
6175
272
1951
2137
30
416
1455
835
1182
6689
18
5203
5357
207
299
2763
123
3869
4212
38
632
6460
124
1850
3221
607
1351
1851
258
4428
6527
80
1657
6267
368
1147
2254
2443
4069
120
276
6683
43
1099
1684
849
961
1869
179
1846
3835
200
252
4256
309
919
3420
44
2469
5350
109
2634
2825
545
1172
2876
29
1190
5205
772
6604
398
2247
35
202
4200
171
1564
3909
57
734
3709
51
1474
6911
3895
6316
41
2220
5238
75
4447
6303
1155
6113
473
1117
4013
964
1275
5111
3216
5972
354
1285
4374
3499
5023
3875
4458
248
421
6056
152
4014
5441
302
2395
2906
715
965
1433
235
238
1077
283
1343
2350
2588
4583
460
490
5602
217
1550
3086
428
3701
3892
526
1017
1989
221
414
6010
836
6935
72
341
774
333
1690
6522
68
476
953
480
1295
3297
67
1230
4194
655
1069
3268
462
722
1160
597
841
3434
70
1486
3209
1408
5999
364
756
301
3395
6878
1134
1489
151
4908
6556
477
985
231
1625
1904
404
3410
4650
2289
2942
148
1213
4392
162
598
6435
158
1311
4280
1012
1202
5862
2703
5128
201
470
3468
125
182
1130
108
1011
6383
887
1284
1862
626
767
2631
954
1407
2697
2510
6111
617
971
1737
615
976
1739
401
1234
1318
156
2169
2338
298
869
1889
183
1610
4587
209
261
3162
96
385
3553
2028
3625
190
3735
4544
169
251
2344
255
916
3605
1434
1687
3886
205
2950
4542
305
1723
2053
236
1937
3956
419
568
6825
188
742
6831
508
1467
1611
1018
1418
3330
204
1255
2546
6112
260
1263
2529
244
643
6909
842
1262
1871
241
344
918
1163
1340
2004
6427
185
1510
3392
180
1315
6696
539
1302
1419
284
3154
3807
2227
3614
845
966
2068
174
587
2945
387
1607
2903
3772
464
2006
127
3769
4319
247
4649
580
1224
1526
1178
1721
2474
1125
1365
222
2770
6882
444
1823
1959
313
1527
1807
266
1104
6854
230
2846
4079
163
956
1562
189
494
793
1046
1049
6016
775
2775
5721
141
2817
3170
441
512
879
1075
1572
199
2044
5303
281
1745
2916
146
3321
3676
1058
3567
620
1839
4318
149
3994
229
3722
227
925
3604
3082
5026
1558
4667
445
4143
4302
479
817
2117
252
778
2543
3033
3249
334
506
3998
5526
5820
338
509
3997
661
3212
4193
483
570
5083
2183
4372
289
1594
237
730
5833
181
2093
4401
195
1356
4294
243
1515
1794
208
2953
3066
1151
5918
256
370
1096
485
2121
377
1328
3270
350
1176
6573
3021
5461
405
850
1166
1055
1220
2923
303
646
2095
424
1358
2707
1230
1440
378
6799
2845
3573
5578
6545
3200
4797
471
1065
1876
1328
1894
676
1490
2711
587
2621
5332
4501
6196
646
4203
290
5895
536
2752
5715
908
1052
6162
1244
1837
2429
437
601
3807
197
1520
900
2027
4289
270
6542
557
792
2754
566
6712
273
3086
1589
6035
643
5938
639
3452
3779
451
752
1133
6069
1203
3156
3508
406
820
2199
3278
2281
4168
1113
1613
2830
212
1478
2934
821
4303
1294
1882
436
590
5510
329
449
4425
219
911
5742
2893
3817
440
1472
1943
1313
6004
310
2217
5658
831
4899
364
6629
370
3068
3069
590
2780
226
2898
3944
500
1085
1282
2231
709
3802
4513
2512
5884
341
6634
2212
2985
510
3598
3837
234
1307
3732
1010
1559
844
1705
1760
6571
4769
4857
352
1433
345
936
1892
383
866
2254
316
1605
384
1892
6038
1319
6528
1852
7001
246
2128
4574
3657
4454
667
711
1958
2087
794
5364
6202
262
2173
5054
1268
3815
2382
699
1495
2915
511
1168
6093
2796
6687
871
2560
1028
1818
556
5183
669
785
1816
3501
5012
672
1622
1492
6089
300
2580
5399
877
1177
5181
271
891
5244
372
6062
287
2885
4541
397
892
3391
935
1386
6256
1439
4259
3547
4709
4002
5904
1093
5140
1962
3615
312
339
5792
472
6129
691
724
1767
564
895
6492
342
1325
5409
625
975
1376
2019
4515
517
1542
6536
367
4749
2230
2656
286
769
3399
3342
3646
4444
5816
1234
1621
2115
1242
2268
793
1166
730
1661
3638
906
1380
1733
356
1713
373
1276
5034
764
2648
409
4169
478
1876
2127
2340
2968
5910
6631
567
3303
470
1344
2240
3194
3822
5338
319
446
2741
608
1686
569
2129
2757
890
1586
1738
1143
1858
3140
2629
4404
3337
3599
786
1103
4266
3736
4350
344
3098
372
1771
4633
518
867
3096
1527
4635
603
998
1843
803
2174
4819
3418
4028
2314
2689
3133
573
4915
5569
810
2176
4818
681
1054
3751
449
1118
1229
693
1031
3201
485
1918
2745
1309
1748
4252
858
2987
5779
875
2154
525
580
2066
781
1277
2990
1693
2397
3318
1267
2771
375
1813
868
1927
2403
631
3913
465
1248
2173
380
1835
340
4935
1165
2241
2555
1773
2658
670
1758
3474
1304
791
2563
348
2839
6331
418
917
5861
3362
6228
664
2970
3455
2516
5457
540
1399
2991
7002
7007
897
2847
4576
1633
3660
663
2052
6006
2275
3937
650
1671
5420
832
1801
5531
447
1969
3693
546
1080
4316
1424
1516
2188
644
1613
6326
523
2926
6075
2539
698
2452
2914
894
1991
2434
1764
5900
1310
3293
1425
1801
2000
5472
452
2425
3932
1699
798
989
377
1232
1620
1181
6897
809
1401
2774
2259
2189
3188
869
1614
2505
1180
6896
464
3189
3198
727
2449
2951
2886
3102
2437
6377
909
1317
805
2065
3596
714
4964
472
2301
2446
469
1412
5932
430
3288
4685
413
3282
4612
456
3986
5605
747
1330
4510
771
2032
4325
750
862
5705
833
1064
6025
3741
4043
1082
5782
780
2102
4324
485
1715
1838
1501
2163
685
1691
3092
1208
2582
4400
1114
3558
863
1646
2313
3851
513
1634
2460
505
713
1432
3208
3399
670
758
2371
1595
1981
4852
913
1060
5373
424
4893
4475
5053
978
2327
4576
6386
1998
2725
3113
5061
5439
1020
6399
496
2687
2871
3050
5504
541
1484
3225
586
3100
5136
3095
1116
2587
3350
481
2593
3475
627
782
5471
1804
3978
468
4357
5053
3591
4645
1379
2470
3303
695
1326
3777
562
937
1551
722
740
3899
991
1673
5903
4840
5392
2900
4546
1385
1685
2520
534
4051
5756
2509
4355
759
3037
443
2637
800
1567
3748
3806
2231
3604
510
687
2078
2183
797
1091
2545
2867
604
1287
2597
1209
1566
710
2344
633
2592
3184
623
2145
5167
594
2525
3496
868
458
3373
4146
668
3517
957
1222
4812
1367
1398
493
1372
6265
809
2395
529
1135
2909
5314
1758
6376
467
3315
5859
2339
2910
2886
4135
4178
6881
6840
2640
3235
3578
2276
2536
731
767
1886
823
2483
501
4919
502
4920
2904
3313
2096
3959
2404
3483
3511
3959
1165
1875
2757
1217
4543
799
1197
489
1233
5250
488
1512
3456
1592
3073
3845
4591
856
5385
1110
1994
4767
1111
1992
4768
507
6900
2608
5895
746
2589
3082
3917
540
642
3455
1381
1585
2269
558
2999
5306
688
6390
1192
2463
1194
2462
514
557
904
961
2669
4064
728
4770
652
4050
1454
6556
2814
4304
657
4047
4540
690
1854
696
3592
1281
4165
3166
4359
844
3049
4272
554
977
5943
968
6613
533
1108
605
1004
5279
735
1863
5372
522
3091
5188
1535
5035
2733
3563
578
4059
1123
4838
1097
3341
529
1524
3166
586
5434
6238
854
1890
2746
876
1905
2886
1040
2940
6568
4525
4996
894
910
2071
3141
2658
5470
553
2896
2946
682
3314
6038
1642
2627
1848
1193
6719
743
4231
762
915
1079
550
3520
4102
547
5159
547
5158
1198
596
1503
1512
552
1506
1932
3049
3573
683
1898
3744
2164
4522
871
1083
737
2494
610
750
1212
2818
4134
3325
3320
4761
725
4215
707
1280
2785
942
2733
6050
776
4224
959
2136
2352
1373
1874
1327
1494
1626
2244
4513
2417
3595
1480
2379
2241
2919
1235
1265
1601
1990
2859
1599
1993
2858
925
3203
740
1142
3571
1450
3674
4658
790
3381
5804
1384
1571
2645
1877
5197
916
1689
6191
5625
656
1796
4460
651
2330
3533
654
2329
3532
1801
5051
6235
700
3615
5413
4840
2763
1102
1679
5723
766
2119
4566
3268
738
1845
2302
1144
1874
4027
1130
2522
5034
1086
3719
798
1301
4901
4574
5651
4942
5913
920
6950
657
883
4053
674
4264
6361
4605
6849
652
873
4052
2963
5905
4020
5024
1006
6795
994
1559
4202
2566
3659
2665
3408
2105
2113
2466
1026
5872
1539
4054
816
2481
4604
920
1658
4372
1074
1945
2041
2858
3512
712
1006
3928
2859
3513
963
1236
1237
630
2259
2587
3897
5303
686
2236
3598
678
2106
3485
2724
5341
2255
2396
4379
4962
5285
1554
5744
4056
5455
970
1605
4549
650
2252
2866
1670
2482
2799
3081
4913
5984
997
3892
928
3040
6504
911
2223
2441
694
1202
1815
2438
2811
4368
1243
1397
4277
3711
6962
1654
2659
4177
1136
2284
2998
2182
2335
3287
2146
5959
680
863
1821
1243
1808
3147
6015
1448
2755
3672
937
1129
2930
847
2938
3883
5474
1072
1269
2597
2935
3884
3203
3604
819
4267
5467
684
867
1108
1518
2098
5979
923
4972
6458
3285
4054
983
2303
3354
4425
6823
2103
6886
1680
2185
2704
872
1857
2860
668
3328
1825
1873
2809
2664
693
857
1368
3919
5337
739
1762
716
4971
924
1936
3114
4622
4792
702
2104
2716
3424
4624
818
3698
5304
727
1298
2280
6168
3033
3164
3256
3413
3229
4660
719
6727
687
3212
3635
3537
3852
1101
1435
3347
1098
3740
1855
2756
1430
2010
4846
6822
1919
2431
1064
2613
4085
4376
1140
2721
3539
3819
6193
4763
4903
1901
3750
1387
2256
6370
1773
6514
943
1229
2867
707
1627
3229
1257
1848
2358
907
1187
2484
6237
865
2267
6105
2445
3256
1312
1508
1641
3901
1808
2243
1732
4834
5266
6536
1940
5115
990
1944
1597
2148
5024
1265
2216
6248
984
1527
934
1134
3818
784
2464
6134
2774
898
3265
5009
1755
1940
2383
4848
878
1164
5146
3918
2506
2964
990
998
2773
3245
2569
4366
733
1293
5348
1047
1576
4058
6474
2730
3742
737
1885
3279
2569
880
2134
990
6315
813
861
4033
4446
1193
5245
3402
3567
1120
1481
6333
912
2276
4013
1495
3931
1101
3914
1338
2263
4554
974
2884
5124
6456
1350
1672
5837
2637
6117
2584
3089
755
1254
5772
775
1502
873
1092
1321
1666
4227
1864
2651
4333
5813
1158
1362
6538
797
1917
2488
5285
6335
952
1195
6301
2168
2486
831
1501
1866
3541
6593
768
2158
3608
824
1333
1078
2046
3072
2723
5556
1805
6304
822
1478
2198
883
1094
3747
1656
2531
848
1535
3148
801
869
815
1558
3535
2739
5568
1371
5546
1105
1628
792
4534
4717
2177
5630
1824
2014
1212
2669
891
3010
3789
1766
2349
2502
1245
3411
4175
3052
6163
813
3326
904
4981
2228
6057
796
3375
3906
3461
4070
1963
1376
800
2646
1045
1029
3280
808
2682
5921
2535
3075
2851
2961
4189
892
2744
936
960
6752
1909
4784
5793
2786
3312
2240
2538
3074
843
3528
6289
982
3073
3126
3811
1016
1887
2841
3114
3780
3180
3897
3511
5399
2072
5457
4454
5421
1097
2384
822
1075
1576
1490
3881
4646
5796
1347
3179
3848
1207
1264
4004
1746
2234
6124
829
1750
4057
3517
4191
987
2867
4425
2670
2408
3752
1491
4157
1227
1645
5954
1315
6343
2388
2959
838
2512
5005
3263
5368
917
3387
5260
2652
3175
1545
2508
3332
4637
4321
5797
7007
1345
2453
1504
1607
4964
941
6497
3058
967
3531
2326
4981
1051
1629
6320
1298
1439
1520
1491
2986
4599
2416
3193
859
1411
2839
1747
3607
2075
6607
2872
5945
3017
3232
1269
1978
4547
1410
4797
2160
3141
1272
886
3178
4950
2441
3917
1310
2064
3491
1480
1740
2151
1899
1606
4022
2539
881
3161
5353
933
2557
2254
4247
1684
4839
2758
1632
4387
1292
4706
3808
5123
931
1028
1164
2555
1248
2060
6950
962
1270
3795
4086
4087
2978
5135
965
1311
7005
890
1922
2435
2766
4443
5492
1122
2217
3775
4395
4516
1002
4250
5212
1988
4822
3219
3702
1022
1911
2265
5562
5761
1024
1910
2264
927
1135
1754
1175
3029
5896
922
1402
2585
2975
2066
6144
2803
5154
1132
4278
980
6417
3904
5705
5885
4349
5901
3969
4670
1346
1933
6295
1059
6998
1855
3645
1493
1896
1482
1636
2371
979
1076
3979
4010
4533
1695
3258
1370
1769
1652
1649
2419
3600
4173
6513
3599
6381
1095
1560
5296
1273
1540
2155
4071
4891
1170
2195
3193
1118
2848
3207
6596
2702
6209
3602
1319
939
2547
4366
2494
2569
2100
2642
2836
2139
4815
3251
5349
5011
5456
1337
1553
5117
946
1729
4407
2187
6330
2833
5786
1161
2156
4753
1445
2309
6003
951
1347
4182
1423
4343
1583
5143
2059
6629
1973
3304
1447
2573
5010
999
6292
2534
4197
1143
1152
3661
2398
4255
2251
2437
6750
1489
3010
1429
3882
1035
4821
7002
1061
3663
1760
3618
1034
4129
1716
2168
4785
2014
4393
5165
1059
1071
5550
2989
3234
3487
3151
5060
1301
2282
5166
1056
6872
2740
3135
1296
1897
3637
6707
2045
2291
2369
2321
3456
1120
6043
4635
6340
2058
6634
1185
1286
1631
4802
6763
1067
3860
3965
5230
5550
1372
2471
1588
2141
6525
1587
2162
6096
2268
4364
1642
1672
5482
1001
5243
5378
1573
4369
3300
3401
6776
1563
5548
6906
3640
5501
3019
4223
1820
2347
2360
1048
3505
1404
2513
6122
2868
1037
1283
2445
2500
2780
6279
1867
2029
5980
1856
2525
1030
4807
4736
6022
1115
3613
4039
1290
1537
5626
1499
1743
2715
1663
6963
2384
2746
1289
5381
1021
2320
3959
4702
5958
1511
3475
2122
3152
1246
1401
6267
2165
3305
1780
2016
2416
1655
3165
1219
1948
3879
5146
4659
4954
1209
6958
1579
3987
1114
3235
3666
1278
1710
5840
3644
6565
3846
6968
1634
1966
6558
2561
5521
1622
1764
5637
1618
1668
3364
4780
5910
1042
1875
3025
1213
3733
1696
2526
2737
1238
5095
5298
1046
1810
1567
2239
4498
3928
5473
3324
4065
2389
2534
6529
4297
5956
1907
3689
1797
2142
3193
1428
1687
2673
3009
1543
2572
1129
1274
1551
1137
1392
2345
2474
2776
1795
3681
1063
4104
5231
4244
6808
4039
1648
2461
1223
1594
1727
1428
5696
1667
1681
3954
4143
5147
1431
2429
6807
4907
5230
3043
3092
2791
3038
5372
2341
3386
4068
3031
5949
1417
1979
1561
5975
1376
5550
2018
4026
1967
3068
4726
2789
6796
1096
2178
1549
1749
2163
1086
3202
1470
2263
2620
3873
1109
3704
5269
1102
4385
5950
1246
2240
2378
2882
5052
3998
4919
2952
3996
3997
4920
1403
6843
3069
2242
3284
3495
2404
4712
1366
1949
5712
1472
2604
4064
4658
4408
4893
1173
4948
1164
1523
3344
1355
4595
5150
1167
4969
5948
4961
4992
4963
4993
1717
2094
4249
4637
6507
3158
4017
4451
1323
5082
5926
6850
3376
1405
1817
3324
1873
1309
1314
3784
3227
5148
1204
3002
1471
1631
4595
3294
5460
1813
1931
6924
1297
1820
3276
1147
2759
2990
2392
5314
1171
1381
2855
2472
4484
5580
6543
3530
2339
2973
3534
4026
5787
1479
3062
3861
1884
3597
5088
2012
4550
1279
1331
2636
2693
5786
4365
3444
6492
2622
3122
3816
1423
3688
5198
3885
1357
1929
3560
1552
1677
4494
1188
2473
3110
1891
4014
3286
6341
1488
3856
5196
1252
3307
4171
3844
5127
1835
1972
6923
1332
1690
1809
1627
6081
1325
3996
4766
3518
4820
1214
2210
1637
2833
6311
3330
5646
3733
1272
4179
4524
1781
6047
1296
1846
3933
4857
5264
2899
5615
1819
2793
1712
2832
1776
2200
5896
1854
1920
1409
1452
5194
6354
1479
6535
1772
2598
6778
1616
2571
1617
2570
4448
5586
1186
2808
6278
2318
2409
3368
2153
4521
2342
3703
3001
6597
2926
3814
1737
2535
6270
1811
5821
1739
2538
6271
1596
2935
3910
1600
2938
1404
6186
1615
2495
3144
1198
1819
4664
1541
1836
2772
1647
2323
6762
1903
2277
2660
4289
1863
3896
1205
5625
3365
5688
1469
3170
6063
2760
6557
1408
2202
1817
1387
1776
2293
1716
1790
2874
5683
6362
4816
5552
1548
1614
2453
1784
2470
6319
1483
6498
1251
2686
3135
1995
6805
3304
6051
3482
3514
1354
4020
6160
6269
1225
3109
1375
5835
1802
4875
5650
2025
2601
1271
1713
3258
2783
6052
1482
2005
2364
1653
2482
1335
4456
6147
2672
4523
1582
2720
2232
4648
3877
5590
1765
3452
3915
1293
1361
6452
1442
2215
5930
2767
3401
5681
1250
5109
6870
6969
2940
1398
1747
4985
3474
1976
2340
6983
1770
2446
1451
4056
3682
3771
1872
3586
5647
1904
2899
1466
3867
1444
4643
6172
3756
6579
2610
3348
5124
1260
3556
5186
4389
6641
1821
3083
3497
1613
4092
6425
6564
3670
5594
4123
1349
4413
4781
1332
2140
5016
6258
6504
5244
5572
3187
6991
5412
3136
3219
1382
3050
1921
2114
3198
5314
4109
6669
1303
4830
1329
3437
1362
2682
2167
3522
3557
4097
2034
3256
1849
5713
1660
4590
1426
4661
4812
6141
1289
2328
5002
4323
1464
1724
3674
5653
2478
4960
4174
2349
4575
1740
6520
1324
5393
6637
5505
1413
3811
4486
1515
1633
1660
3107
2583
2857
1608
2303
2007
2432
1932
1934
2013
3133
3720
6342
3489
4787
3571
4420
4373
1970
4480
3940
6553
2406
5118
2676
6011
1985
1357
2152
2289
1377
5156
1749
2471
4224
1757
1778
4662
2115
6147
2076
4017
5654
1670
3778
1440
1487
4862
4157
4609
2166
3131
6090
2297
3060
1414
1435
2180
4924
1977
1741
4195
1470
2997
3809
2808
5084
1881
3526
3205
4989
4472
5729
1341
2041
3278
3460
4691
1714
3066
1548
2505
3785
4694
6658
2643
3248
2968
5365
1415
3551
4236
1916
2492
6958
1427
3896
1419
4240
1409
2801
1814
4139
5911
1411
1443
1783
2931
5317
1883
4080
2017
5077
2356
2030
5642
1417
1433
3863
1753
3118
5374
4498
4905
6471
1643
4504
5006
1493
1605
3636
3463
4617
2599
3860
3249
6195
2279
3016
1437
4148
4245
1473
6188
2921
4506
1749
3285
3623
1375
2291
3836
2458
2036
5739
1682
3368
4616
3595
3875
4838
6442
6491
2172
5504
1570
4772
4871
2537
4089
6660
6771
3869
4865
2504
2421
3002
3966
1751
4596
5052
1391
2196
5846
1703
2615
1720
4418
2423
2738
3727
1686
2103
3138
1496
4150
5646
1602
4707
6293
1998
3006
4280
2311
4795
1928
1965
2820
1657
3581
6622
2542
4485
6412
2565
5478
1453
1980
3930
5187
5678
5072
2057
1900
3169
4528
4856
7003
2563
5248
4516
5795
2203
2453
1731
2381
5708
4257
4756
4242
1701
3727
4690
1522
2056
6278
1955
2532
2589
4449
1632
4068
3752
4134
1530
6458
1575
1708
4776
4032
4170
1865
2788
3024
6307
1626
4116
2644
3649
3342
1607
3447
5139
3528
4445
1860
2005
5962
2951
6598
1510
2051
5387
2108
3136
1484
3017
2875
2879
3600
4563
2401
3289
5549
2170
6401
4719
6907
1500
4030
6283
2097
5945
1987
5455
2280
3751
2363
2483
1673
1675
1988
3682
1752
2042
3510
1798
4427
6291
1531
3197
4153
1513
2467
3028
1534
4336
5460
1538
3204
4154
2077
2078
2191
1868
2947
4287
2195
2336
1466
1509
1828
6117
2325
3309
1568
5110
4714
6622
3944
2037
4661
6099
4306
5015
1475
6941
1703
2222
1573
2446
5240
1574
5105
3971
2401
2333
1659
3985
2706
4523
4793
3910
2692
3351
4890
3319
5287
1591
6625
2018
2788
4049
2363
1834
2295
6037
4347
1732
3035
1702
3540
4691
1847
4108
1582
1624
3416
2108
2594
3704
5989
6010
2212
6869
2128
2558
4167
5522
1536
5778
1779
2402
1698
1756
5252
1774
2425
2357
4850
2317
2112
5495
4806
4958
5919
1842
2184
3689
5172
4735
6667
1836
3036
6828
4340
5976
1570
1864
2296
1692
1975
4025
4980
5466
6367
2552
4145
1754
2956
1758
2856
6944
3263
3360
1529
2674
5247
2316
5802
1695
4141
1617
6897
2099
3645
4640
1890
2384
3734
3186
4617
5486
3859
5062
3103
5629
1616
6896
3285
5807
4814
5630
5897
5949
2644
3603
1603
4220
1956
2286
5402
1826
5452
1547
3813
5326
2186
5823
1933
2515
6754
2752
5140
4755
1711
2765
3226
5178
2098
2831
1556
3063
3346
3022
3542
1857
1889
2668
1664
5222
3185
4110
1662
2091
4055
6269
4196
5831
2355
4356
2069
2460
5181
1567
3324
2433
5737
1853
3064
5241
6949
3766
4268
1639
5225
3717
2428
5740
2091
3508
5225
1579
2944
5350
2306
3582
1784
1618
3083
4800
1623
1730
3466
4603
2826
5826
2000
2205
6254
1586
2025
6422
4016
4124
4001
4847
3358
3832
2219
2286
6801
2149
5998
3096
5651
1671
2139
5000
6345
4044
5573
2225
2372
3978
6441
1643
1659
2156
5774
2226
2373
5773
1863
3156
3352
6861
1923
2352
5328
2425
3925
2630
4682
1761
4545
5004
4446
6468
1612
2009
1865
3309
2968
2920
3184
4206
4208
3338
2984
3277
1894
6661
1866
3292
2089
3105
4811
3851
4728
3190
5702
4727
3127
2361
2604
1898
5682
1744
4181
6013
1942
6994
1794
5194
2747
4163
5942
2005
3538
1786
5142
1639
1788
5348
2133
1725
2744
4455
3157
3770
4469
6333
1782
3166
4011
2206
5450
5218
5505
4742
5959
1649
5499
5500
2115
3349
6616
1989
2142
3605
1868
1952
1957
3890
5699
6416
1947
2669
2335
4955
4486
3084
6293
2294
2430
4592
2118
2299
2283
5832
4783
6509
1905
3457
5043
4824
6017
4608
5484
5853
1978
4718
5418
4629
1706
4699
4801
2026
2146
3718
5571
6605
1834
4152
6286
3694
5259
2178
3783
4665
2361
5274
4264
6215
3247
4638
3160
3186
2292
4074
4332
5986
2315
6022
3673
3262
1930
2598
3927
1747
5834
2489
1807
3043
2544
2816
5647
6534
2001
2245
4255
4441
2918
5316
2542
2721
3377
1743
1918
2062
5347
1859
2003
5869
3540
3675
2532
6394
6964
2197
2769
4921
2132
2377
4358
4900
2131
4295
2046
4753
2031
2531
5154
6104
6149
1925
3572
2390
3587
4527
2754
5600
2874
6264
2356
4470
5590
1907
2472
4468
2184
2213
5036
5323
5336
2459
3070
2130
2354
2878
2713
3548
4363
6671
2065
2686
1968
5656
5879
1922
4164
2109
3825
5211
2914
4029
2092
3821
2006
5622
4399
1734
4437
4101
6103
1997
2153
6143
1827
4664
6282
1930
5207
6281
6736
5003
5427
1941
2408
5522
4341
4966
5535
4646
5003
4331
4929
6638
2261
2422
1884
2900
3698
5844
4879
5172
6171
2102
2739
2267
2745
2823
5281
2386
2625
2977
1795
3090
5911
1859
4971
1960
3054
5980
3609
5351
6057
3487
3850
5115
5834
2083
2838
4655
1891
6258
2301
6307
1775
2366
1914
6166
2667
2993
3438
2136
5087
6203
1901
3160
3192
1912
3061
5426
5710
3803
4648
2337
2749
5714
6238
2764
5417
6822
2090
2928
5827
2724
2835
2266
3823
6021
2877
5858
1800
2191
5411
1838
1929
1792
2899
5772
2638
6204
2214
3229
4180
2930
5144
1799
4503
2796
4857
4081
5897
2250
5083
4377
4585
5464
6154
2181
3016
4587
4912
6441
1954
6965
2116
3272
6845
3898
6274
4412
5962
1954
2661
1812
4909
2934
3971
4050
5767
5817
2027
2650
3985
4393
1916
3862
5667
5640
4997
3918
2074
2279
2316
2020
2750
2032
2723
3901
4191
2596
4421
1828
6029
4688
1832
1993
2330
1831
1990
2329
4188
5888
4187
5890
2033
2427
2950
5192
4047
2092
3233
3536
1946
2044
2590
2143
4961
2144
4963
1907
4585
1944
6405
2101
3098
6577
1917
2632
5991
2325
6012
2662
4133
6888
3007
5767
1975
3372
4151
6245
5031
6163
4320
6975
3745
6851
3032
6646
4668
1977
6708
2278
2333
6692
3424
6794
5044
3321
4911
3905
5315
4915
1947
3465
2002
3389
6964
2228
6339
2835
6311
5075
2741
5422
2253
2753
5353
2553
3992
4461
2873
2962
4564
2588
5094
5358
2405
5707
3850
5133
2037
4214
4605
1886
2492
5103
4422
4584
2152
3350
4764
2543
2016
3535
3164
1953
2273
6857
6451
1971
3404
5439
2165
2274
4334
5998
4276
3593
6765
3831
6063
3085
2219
2298
2307
2354
2827
5616
4331
2084
3569
5824
2021
5627
6580
3336
4491
2058
2462
2059
2463
2193
4567
2188
3183
6838
1915
3496
3719
3983
5478
2698
5559
1963
2679
2082
3855
3243
4271
5207
2927
5685
2523
4879
6040
1947
3165
2272
2697
3177
2409
3678
4571
5576
3628
5537
5105
6839
6243
3217
5203
6226
2243
3147
5764
2591
3865
3531
4930
2929
4300
6218
2163
4535
6636
3863
2042
4167
2355
4957
2576
3347
4828
4779
5600
4796
5559
5028
6415
2180
2427
1965
4745
6076
3545
6272
3363
3557
2063
2895
2646
4296
4696
3187
4972
4285
6661
2323
6937
2762
4290
3647
4462
1962
3617
5730
5413
2717
2024
4367
4383
4686
5889
6978
3334
5750
4378
5534
3502
6592
2155
2708
4037
4665
5110
6842
2230
6337
2032
2270
3636
2801
2668
4734
2475
2148
2132
2351
4190
4898
2542
4578
2119
3101
4497
1984
2898
4873
4054
4115
2797
5275
3632
4495
5208
2327
5675
4450
3606
3532
2423
3758
4154
5731
3533
4153
5732
2104
5217
2541
2751
2980
2355
4406
2577
2070
5411
5749
4038
5079
5136
2196
4678
5520
2485
5408
2962
2125
2165
2613
2719
3642
2010
6170
4146
2486
3729
5018
2120
3119
2443
2657
3636
2258
4140
5045
2235
2107
3267
5788
2094
4470
2399
2468
4560
5631
2590
4689
5851
2224
5603
6886
3583
4273
3927
2161
3060
2086
5874
6417
5974
6776
3562
5805
2182
6184
4924
6353
2633
3744
2489
2526
6724
3471
3639
4794
2209
4162
5677
2399
3271
6593
2411
3588
4612
5169
5619
2048
2257
2368
3880
3926
4540
5438
2050
2260
2362
4537
2477
3756
6673
4536
2238
5025
2154
3356
4439
6770
3254
4126
2657
3476
5641
2808
3039
3757
6172
6934
6743
5054
6435
2102
2229
3863
4476
6717
2246
5873
2177
4631
3195
5835
2465
3663
5210
2203
3574
2167
2211
2077
2299
2971
6587
5442
6573
2249
4184
5676
2075
2836
5271
3685
6309
6592
2213
2913
4569
2281
2448
3034
3014
3278
4581
4433
5733
5857
6838
4333
6591
2276
2762
6867
2701
4036
3525
3974
2456
4392
6363
2864
4749
3224
5387
4687
5591
2377
3049
2575
5681
2695
3121
2284
2479
3647
5260
5638
2593
6165
2432
4422
3662
6802
3272
4531
2186
6211
5889
6542
4814
3387
4545
2147
3246
6254
2122
2377
2480
2507
6446
5048
5424
2304
2496
4470
4515
2580
5310
2902
5975
3495
2705
4216
4986
6264
2132
2251
3687
6510
2890
2937
4784
2432
2841
2476
2794
6572
3462
3478
2129
2204
2277
5069
2576
6009
4387
5825
2681
2726
2244
2346
3893
4444
2150
3494
2511
2850
3692
6296
4001
4804
2154
2557
2746
2819
5529
2822
5528
5142
6599
4742
3407
5102
2597
3923
6142
5874
6346
3483
4702
5104
3123
2177
5438
3253
3456
4440
2159
6688
4366
6206
4861
5760
3696
6326
2931
3298
5453
6226
6049
6561
2764
3729
2194
3314
2171
4034
2454
4446
4311
4411
3588
2487
4324
2318
2403
6145
2527
4325
2946
2199
3795
6515
3580
6066
6287
2970
6039
2191
2190
3498
6836
2452
5639
4655
2704
2797
2973
3414
3345
4467
6387
2203
3551
2499
5527
2798
6285
6015
6329
2239
2768
5572
3945
6449
2228
2918
6450
2287
4077
2207
2919
3111
4060
2360
2690
2558
4496
2675
4299
5091
2274
4347
2294
4023
3225
6721
3542
6039
5663
6237
3244
3628
2685
6933
6071
2634
2809
5075
6532
2221
5059
5344
5641
5358
6584
2700
3866
4385
6241
2329
4208
2330
4206
4966
6648
2487
4257
2677
3630
2235
4603
2894
4093
4636
4475
4899
3734
3077
6641
2434
2738
5743
2564
3370
6393
5634
4632
5910
2645
4241
2398
2811
2568
3359
3116
4570
2714
3051
4111
2351
4257
4209
4267
6806
5107
6420
2461
3022
3374
4070
3515
5588
2954
5294
5392
6481
2666
2955
5305
3442
3675
3132
3238
4905
4012
2274
4106
2351
4105
5356
5457
3866
3222
4098
5035
2527
4347
3318
3826
6746
2673
3304
2941
6664
4481
4747
2379
4928
2343
2801
5032
5157
6482
4079
6530
5074
3943
4339
4385
5985
3695
4315
2727
3405
5915
2308
2696
3145
5819
5517
6555
2561
6159
4679
4983
6062
2664
6992
3696
4250
2440
4803
6317
2311
6040
6691
2779
5397
5483
3493
3555
4821
2595
2864
3853
2691
5711
2624
6178
4746
4868
3764
4517
2772
2783
3376
5965
2699
2971
3407
3734
4603
5689
6420
3793
4736
5988
2932
6451
5801
2374
2495
6373
2550
6268
2439
5864
2635
3645
5439
2958
2488
2545
3009
3924
2605
2861
5171
3143
5583
2696
5038
5354
2709
3269
3423
6736
2988
4222
4745
2991
5543
2504
3515
5526
6195
5513
5365
2498
4867
5250
5864
5989
6066
6668
2654
4345
3443
4018
2514
4430
3316
3336
3706
4705
4594
6185
2366
2393
2707
3067
3450
5104
4319
4634
2982
3455
2365
5691
6730
5449
2390
2647
3076
6619
6708
4288
6262
4476
3134
4825
2663
3837
5021
3031
3466
5591
6913
2570
4919
2571
4920
3233
3568
2533
2607
3829
2420
2750
2906
3546
6568
3340
2799
3087
4273
6128
2952
4659
3323
5243
3306
4485
6843
2909
5690
2665
3001
3106
3432
4761
3301
4410
5809
2721
3128
4485
3050
3974
2755
5642
2449
3952
6453
3833
5216
5269
4731
5116
5328
4290
5142
6693
6192
3581
4217
3986
4998
3790
4860
2700
6143
2710
3973
4614
3295
5013
2602
3788
5618
4151
6376
3079
3418
4248
3181
3472
4270
2574
3957
5588
2498
2929
4917
2798
3545
4505
3594
3765
3053
3747
3806
6116
3365
5255
3516
5267
4939
2781
3185
3785
2557
3699
6429
3611
4131
6686
5800
4642
5374
2882
5862
4128
6690
4051
5120
6160
2676
4166
5283
5071
5079
6236
3703
6463
2671
6324
2687
2443
3329
6601
2710
4381
5108
3255
2869
5272
6571
6462
6875
6997
2451
3410
5479
4150
6431
2821
2455
6468
4478
5010
3389
5828
3174
3629
4793
5021
6102
2936
6627
5194
3053
3753
3754
2844
4654
5144
5272
2467
4959
5042
2742
3518
2616
3436
5350
6302
6564
3301
6665
2743
3356
5842
3477
5611
5826
6870
5085
6633
4363
5703
6936
6939
4568
5322
6036
4526
2718
4411
2730
3038
4184
5397
5610
2790
5119
5251
2632
2726
5064
2558
2653
4806
5942
5775
2735
3874
4100
5101
5390
5169
2960
6881
3203
5569
3260
3448
4186
2989
5784
2518
2642
4258
6203
3280
2544
5218
2795
5792
5236
6600
3026
3912
3245
4261
3763
5099
4453
2826
6155
3480
6077
5389
6265
3757
5356
2612
4354
4519
4314
6478
3241
3428
6844
4651
5223
3137
3142
5316
6214
6892
5038
6000
3004
3294
3357
2997
3213
4162
2559
3473
6855
3112
3712
2650
2679
4755
3191
3422
4399
5317
6738
6500
6867
2623
3610
6739
3359
2556
3773
4469
2785
5636
3032
5505
4452
3247
4279
6588
6884
2731
3448
5623
3451
3791
4621
3065
3121
2612
4394
5333
2758
6210
5458
6459
2681
3691
4396
3370
3209
4171
4719
6595
4500
4552
6370
2705
3108
6032
3871
2880
4053
2572
4066
3915
6921
3042
3437
3470
2887
4052
3998
3997
3279
4789
5811
3622
6069
3444
4027
3912
2678
3006
2580
2810
5308
3441
4854
2698
2717
3921
4982
5893
6475
4593
4965
3839
6063
3208
4132
4195
4949
5318
4602
5652
5463
6013
3144
5240
4258
4796
5559
3737
5099
2680
3464
3755
2712
3965
2608
3081
3590
4098
5575
4143
5147
3242
3289
4283
5523
3006
4203
2924
3301
5317
2760
6367
3822
2611
4003
5854
4086
4950
3545
5384
5048
3613
2615
3028
5042
6584
2944
4932
3288
3786
5532
2619
5123
6049
3299
5921
6033
6106
3546
6631
2850
6299
3484
4579
2895
4582
4863
3419
3627
5881
5700
6596
2724
2787
6663
6769
6847
4145
6149
5103
6384
5558
2777
5280
6086
3404
4733
3999
5014
6029
2639
3196
2775
3509
3523
6187
2842
3796
5611
5802
4497
5665
3430
3302
5640
2972
5771
4518
4827
2684
5501
5893
5542
3084
5830
4744
5133
5073
6925
4699
5482
3069
3938
5208
4577
6255
6243
6802
5120
5661
4858
5533
5857
6999
3658
3834
2976
5769
6944
3130
3003
4949
4093
5738
2728
4911
5606
3334
3524
3210
4235
3417
4398
5698
5485
5766
5582
4317
6256
3149
4669
5577
3609
6325
4960
6473
2811
3393
3934
3308
5859
5920
6285
6140
5781
2829
2928
3281
2866
6633
4430
5575
3827
4697
5277
6821
5195
6544
2695
3117
3639
5310
6161
4974
5558
3141
4006
4406
2905
3665
4317
5265
5248
5957
5841
3826
3059
6847
6164
3219
5762
4013
4251
4008
4737
6349
4423
6465
3673
5274
4702
5958
4329
6239
2761
5217
5577
4946
5831
5502
6236
2981
3046
3034
3481
5805
2825
2753
4199
5643
3196
5674
3412
5039
3182
3941
5285
6470
3339
4693
2939
3450
5329
3601
3688
3746
4144
4271
4435
2800
3964
5516
6212
6450
5880
2834
4243
3635
2933
3440
3310
3969
4383
3909
4680
6588
2948
3041
3339
3139
5907
3833
4698
4862
3220
2800
3266
2834
6753
3657
3942
4657
5546
5748
5444
6183
6986
5410
3225
3252
3887
3190
5701
4482
5973
3191
3223
3669
3969
3946
5850
3434
5236
4081
3453
6315
5937
5772
2936
6819
5334
5521
3426
4035
4186
3614
5206
3268
3217
4872
3195
5471
5561
3036
2806
4515
4740
2786
4229
4676
5476
5788
5072
5999
5578
6545
3889
4781
2952
4788
5931
4833
6304
5324
6977
4935
6268
5833
4677
3103
4823
3577
3671
4173
3130
6184
2805
3037
4779
4333
4777
4805
5003
2965
5614
6602
2825
4505
6707
3005
3549
6242
2837
4922
6861
3390
3924
2983
4276
5851
2964
4294
6428
6859
3684
5055
4757
5888
3091
6487
3363
3552
4759
5890
3694
6074
3215
6310
6499
3834
3459
5329
3017
3105
3970
4561
6766
2958
5959
4752
5224
3882
4809
3832
6647
5271
4414
4789
4303
4432
5544
2842
3477
4647
6817
4786
3124
5064
5103
4631
5389
2946
4999
4979
5221
3283
5340
4210
6379
3218
3561
4148
3798
3323
4375
2876
4773
5323
3402
4327
4418
2945
3106
4644
5035
6181
6245
7001
5496
5501
2974
6357
4669
5649
3644
4297
6430
2943
3717
4666
3385
3296
3470
5585
5085
3168
6274
4291
6486
2957
3140
5743
3218
4419
3550
4866
2961
3189
5070
3779
5836
5758
4174
5726
3505
5473
3452
3659
2932
6726
3095
3562
4729
6300
3065
3776
6438
3852
6676
5656
6499
2941
6725
3276
3641
6655
3384
3929
4927
4172
5265
3150
3159
5063
3846
5375
5562
5715
6928
5282
5567
6801
4401
6275
2898
3537
4114
6068
3018
4099
5201
5749
6104
4380
4445
6888
6938
4705
5761
3439
2908
4336
6651
3250
5060
2910
4125
3286
4529
5599
2978
3063
5713
3664
4837
4233
4778
6395
3444
3507
3118
3955
5354
3137
2925
3544
5366
3115
6654
3830
3845
4456
4452
6068
3264
5342
3776
5634
3458
3153
4798
5923
4548
5377
5342
3171
3271
5665
4877
4615
3409
4491
5560
4610
5425
6152
6060
3379
3350
4949
4844
5789
5130
5190
3552
4397
4344
6863
3429
5017
5203
3957
4228
2956
6171
3074
4325
3075
4324
4359
3335
4051
3525
2999
3975
5526
5932
3159
6128
4772
4853
4834
3008
6090
3858
4004
4113
3139
3622
6332
3295
3841
5619
6024
6454
4261
5469
4282
3086
4256
3015
4932
4279
5448
4127
3397
3291
4319
4850
4232
3587
3882
6241
6886
3413
5652
3565
3584
3346
5660
4487
5666
4266
4658
6077
6835
3243
4260
5068
3823
4076
5312
6114
6780
3198
5063
5768
3000
3709
6898
3115
3458
6741
4787
3261
6107
6142
3329
3432
5754
5161
3270
6303
5213
6101
3290
6154
3805
4445
3270
3980
6121
3319
3020
3351
5978
3027
3462
6694
3144
3233
5109
5244
5572
3436
4217
3201
3024
6231
3696
6328
3039
5090
4439
6858
6257
3055
3618
6614
3780
4459
5311
3784
5283
3157
3478
5846
3945
6109
3679
4720
6388
4334
4256
4940
3451
5748
6557
5456
3386
5664
5084
4547
6071
3322
6240
3060
3989
6141
3176
5582
6011
3100
4255
4444
3416
3548
3117
3471
6438
3378
4943
5226
3570
4868
5869
6540
5970
3461
3905
3681
6873
3415
4397
4594
3686
4260
5775
3091
4429
3340
3911
3576
4230
3310
5997
6257
3381
5789
5933
3325
4084
4200
5208
3257
6535
3102
3976
4631
5006
5720
3491
4096
4095
3930
4235
3556
4193
3145
6186
6412
3926
5094
3289
4076
6624
4273
3724
5852
4707
5027
5955
3529
4367
3864
3986
4253
5433
5680
3654
5817
3211
3634
3903
4075
4119
4589
4788
5679
3472
3249
5049
5957
4234
3181
4267
5331
4541
3395
5096
4357
3803
3222
4675
5222
3467
3408
6234
6309
6334
6746
3836
3907
3281
6075
3246
3610
5925
6197
4059
4277
4099
3601
3682
5718
3121
5038
3953
6032
3149
4116
5214
3206
4976
3382
5506
3984
6384
3690
4164
5462
3127
6081
4660
4550
5632
3150
4240
5541
3138
5123
5934
4627
5458
3504
3361
6005
4455
5693
3332
6024
3433
6341
3226
6305
5057
6187
6682
3801
3963
4394
4298
4090
4199
4375
3250
3585
6743
6936
3393
3501
4546
6337
3173
6290
6346
3421
3158
3902
3189
6652
3220
5934
3385
3692
3838
3991
4381
3871
3380
3317
3783
4037
6055
6862
3170
3592
3584
6225
4040
4506
6749
5174
6153
4703
5517
5465
5763
5801
6145
4900
4902
3254
4936
4402
5247
4463
4651
4454
6335
6815
3353
4457
3366
3854
6651
5985
3498
6611
3367
6393
3369
5941
3546
6253
6140
4269
4767
6180
3525
3660
6507
3201
3988
3677
5875
4768
6179
3420
3445
3692
4168
3209
5700
4031
6248
6381
6504
3623
4412
5818
3240
3519
3612
5434
6175
3547
4443
6737
5881
6662
3632
4158
6345
3971
5182
4561
5025
3469
3889
5664
3929
4145
4352
3870
4681
5705
3953
4083
6360
3362
4530
6338
6722
3478
3309
3676
4108
3807
4067
4914
4683
6452
3320
5596
5657
3343
3966
3829
5277
3796
5836
5379
3560
6567
4335
4579
6086
3468
5735
3750
3707
3731
3504
3739
5250
5864
5847
5383
6159
4786
4836
6355
4192
4463
6718
3857
6151
3333
3527
3751
6419
5624
3814
5401
6639
6749
3481
3697
4161
6978
3738
4349
3541
3273
4740
5048
3400
3503
4684
3276
4086
4997
4285
6684
5478
4859
6742
5092
6164
4138
6586
4320
5096
5369
4084
5092
3653
3653
4685
4103
6808
3940
6114
4657
5762
4428
3989
5394
3499
6824
5870
6942
3312
3559
3960
6677
3928
5547
3922
6817
6934
3842
6252
4450
5691
3315
3403
4921
3495
3738
4204
3575
5713
6257
6621
3361
5008
5498
3383
7000
6784
4288
5757
5787
4246
6266
6348
4359
3571
3602
3347
3646
4295
3373
5508
6899
3861
4112
6519
6027
4282
5655
5472
5751
6646
6853
3820
5552
5849
6747
6916
6893
5490
6133
5796
5161
6443
3916
4352
3705
5672
3397
3641
3852
6114
6780
4136
3353
4922
6667
4830
6333
3603
4623
4748
4001
4937
5838
6311
5850
3907
4453
4125
4511
5511
3741
6167
5570
3892
4573
5616
6422
3369
5801
4979
3431
3698
4748
3492
6921
4846
3375
4887
6130
3388
4852
5848
6113
6706
4021
6048
3887
4424
6578
5302
6761
3490
3938
5749
6104
5099
6859
3654
3619
4210
5892
3661
5599
3500
6167
5387
6041
5328
3501
3712
5815
6894
3397
5661
6416
3621
5239
6443
4195
3683
6916
5974
3640
4825
4978
3509
3843
3724
6489
6605
5668
4439
3464
5480
4057
4339
6673
3815
4022
3802
4828
6405
5639
6330
6770
4902
6053
4540
4380
6222
5117
3502
5359
3428
6570
4286
5145
3813
3620
4211
5734
4713
3557
3958
4716
5114
5812
6226
3649
4129
3510
4351
5604
4073
6403
4804
3436
3767
4522
6327
3454
3925
3680
6116
4391
4820
3575
5996
3726
5536
3945
6288
5220
6781
4238
5803
4606
4817
4246
3716
4474
6021
6148
5032
4508
6496
3817
6539
3568
6220
3814
3527
3721
4360
5091
6938
4426
6866
3618
6642
6126
4530
6126
5922
4438
5818
5168
4063
5037
3669
6537
6913
4338
6469
6899
6702
3480
4087
4997
6835
5642
5433
5908
4263
3564
3679
3486
4254
5020
5699
3868
4005
4289
6022
4389
5386
3632
4572
4660
4626
6740
5106
6501
3624
6417
3745
5412
6747
3534
6852
3596
4175
3759
5030
6833
6954
3872
3664
5251
5414
4239
4646
4687
4502
4167
3878
3533
6281
3532
6282
5465
5935
3622
3517
4493
3833
3621
4482
3728
4272
4251
5145
6378
3591
5532
3666
5057
4855
6391
4461
6158
4858
3805
4243
3577
6566
5229
5703
4014
3568
4953
6676
4882
6061
4083
5848
6431
4497
5970
3930
4031
4207
3668
6139
4870
3804
3553
5464
3761
5488
3713
5639
5468
3768
4111
5983
3888
4088
6531
3715
5479
3808
4854
5915
3705
6445
4218
3589
5349
4813
6698
3792
3685
4489
6481
4418
4387
6961
5983
6682
6642
6810
6094
3681
6729
4229
3794
3868
6549
3717
5822
3787
4094
4585
3860
3999
4386
4332
6120
3828
4700
6042
3616
6676
3714
5116
3804
4983
5923
6602
3828
5895
4309
4033
3760
4552
3774
5047
5384
6298
3793
4082
4507
3643
5721
5791
4420
3886
6191
3607
5490
6191
5744
6484
4732
3766
3749
6263
3651
5973
5654
4181
3616
4114
3914
5662
4081
4233
5001
5808
4364
3635
6272
6707
6242
6959
3999
4970
5696
5742
5885
4796
4938
6498
3921
4982
4374
5176
5215
4007
6174
6488
3653
6230
3639
5308
5050
4330
6390
3777
4368
3820
4436
6837
4169
5745
3984
4808
5326
4776
3781
4293
6223
3967
5315
4043
4544
5946
5861
4090
4269
5486
3953
4018
4371
5421
4795
6155
6172
5377
5598
5603
6744
6931
4575
6260
3715
3993
4889
5256
4109
4124
4670
3950
6563
3818
6506
4045
4200
6744
6657
6432
4231
3719
6603
4426
5799
5539
6253
4071
4693
4268
6792
6234
3885
6373
3936
5200
4313
5036
4675
6779
3720
4405
4372
5359
6810
4307
6988
3791
4719
6379
6610
3702
3981
5219
4369
5355
5693
3812
5698
4245
5346
6587
3708
5273
3949
3981
4138
4046
4568
4604
5351
6136
5969
4230
4910
4012
4213
5162
5477
6632
3989
5126
4593
4137
5655
3723
5005
3995
5199
4419
3810
4312
4886
3727
5880
4178
4799
4361
3825
3908
5898
3980
5614
3948
4202
3736
4597
5412
3994
3763
4397
4566
4494
4593
4204
6093
5849
4409
6496
3775
4556
6755
4762
6166
5792
6446
6869
6906
6986
3957
4562
6652
4428
4106
4610
4105
4615
3982
5954
3834
4643
4360
4687
6317
3946
6733
4747
5533
3904
4681
6497
4287
3765
5040
6030
5055
4458
5453
5093
6580
3770
4103
6694
3773
4305
4495
6222
6782
4517
5002
6494
4183
6871
6713
3796
4783
3816
5879
4746
5321
5354
3938
5609
4859
3903
5551
4377
4684
4962
5157
4288
6409
4011
4479
6595
6042
6437
5404
4662
4744
4049
3968
5841
6215
4933
6488
4341
5026
5494
3879
6371
6606
6919
3880
6812
5809
4139
4196
4310
5186
6531
4337
5785
5937
5493
6563
6793
3932
5865
6357
6475
5511
6751
4816
4512
6828
3913
5477
4123
4503
6933
6421
4275
4180
4274
4544
5466
5650
6885
3839
4628
5380
4944
6868
6020
4598
6922
4934
3920
5155
5675
6123
6527
5007
5632
5041
4765
4943
5253
6608
3848
4379
4887
4118
3894
5831
6597
4744
5410
4594
4749
4042
4322
4320
4611
4846
5592
4009
5540
3950
6471
5783
6189
5549
4713
5939
6638
4306
5586
4301
4850
6115
6996
4606
6213
6456
5518
6137
6148
4589
6518
4088
4110
5388
3961
4995
5540
4237
4531
4639
5400
5470
5652
4737
5555
6118
5557
6119
4247
5029
6954
4578
5573
5658
6036
4568
4704
6552
4205
6712
4782
4835
4045
6576
5372
5223
4234
5554
4820
5195
4262
4376
4886
3902
4650
5992
6294
6966
6368
6966
4832
3936
5228
4301
3970
6798
6814
4881
5338
6099
5364
4071
5030
6404
5436
4221
5032
5617
6533
4315
4388
5400
3975
6989
4883
6357
5318
5954
6149
4778
4022
3979
4427
5815
6816
4677
5507
5608
5071
6048
6991
4609
5969
6511
4072
4652
6620
5173
5725
6582
6156
4878
4226
5271
6165
4437
5386
4447
5524
6472
4316
4664
4688
4225
5627
4142
5065
5189
4291
6541
4097
4185
4772
5044
5235
6286
4346
5119
5553
4354
5871
4777
4851
4776
3967
6369
6092
6895
4811
4667
4899
6509
3991
6201
5377
6935
5389
6754
4277
5327
5491
4565
5897
5524
6639
3983
5450
5361
5823
4679
3988
5130
4630
4343
5005
5198
5866
6396
4393
4679
3995
4350
6276
4142
4760
6560
4003
6832
5017
6561
5562
6660
5102
5760
4956
5569
4618
5759
4035
4843
4011
4553
5987
5069
5081
5473
4147
5342
6407
6360
4663
5100
6942
4481
5993
4816
4889
4930
5405
5653
4626
6701
5158
4028
4248
4210
5936
4973
5948
6372
4904
5783
4034
4085
5046
5542
6260
5061
5177
6402
4346
5297
5546
4464
6079
6543
6252
6843
4700
4463
4604
6915
4852
5706
4128
4121
5306
5829
6566
4131
6177
6198
5020
5694
6140
6432
4138
4557
5327
4134
5055
4547
5180
6755
4521
4972
5302
4952
5739
6657
4066
4488
4220
5313
5673
4149
5595
6601
4299
4911
6392
4464
5145
6350
5912
6153
4580
5072
6756
5008
5160
5777
6826
4674
6199
4318
4689
6054
6164
4849
6820
5296
5547
6698
5674
4764
5018
5082
4671
6328
5149
4344
4468
4536
6270
4537
6271
4982
5188
6013
5174
5906
4600
5153
4551
4978
4104
5695
5676
5677
4112
4211
6400
4743
5909
4872
4263
4771
5371
6049
4115
4754
4881
5609
4182
5300
4954
6518
4883
5598
5163
5184
4358
4902
5914
5083
6585
4127
4222
6820
6005
5467
4423
4974
5187
5793
5474
5258
5427
5231
5278
4331
4475
4758
5089
4853
6503
6289
4489
6067
5704
5916
4350
5199
6200
5401
6585
4380
4303
4655
5981
5092
4157
6720
4159
4160
4818
5121
6739
4819
5122
6738
4572
5525
5843
6924
5839
6923
5114
6844
4818
5010
5811
6345
4309
6558
4559
5027
4826
4721
5284
6189
5287
4817
6209
5513
6097
6582
4259
4839
5263
4483
6160
5727
4180
4328
5201
5345
4403
5856
4819
4400
5612
6219
4206
6179
4208
6180
4215
4564
4526
5376
4650
4656
5573
4873
4400
4944
4835
4234
6577
4322
4954
5487
6662
4411
4755
5154
5239
4981
4286
4704
6360
4348
5370
4543
5331
6059
5170
5446
4472
6647
6199
5407
4292
4550
4522
4532
4620
4801
6590
6706
4488
4831
6031
4416
4671
4955
4228
5631
6559
6800
4382
6616
4259
4232
6996
4743
5996
6291
4622
4449
5246
5042
6583
4885
5617
5795
6493
4242
4513
5383
4370
4841
6221
6644
5797
6151
6220
4249
5095
5620
6850
4253
6011
6145
4711
5694
4338
5909
4592
4337
5276
4998
4828
4481
4692
6233
4723
6204
4574
5651
6722
4856
4328
6120
4292
4731
5673
4384
4984
4608
6195
5128
5339
6060
6385
4786
6192
4564
5407
5538
6403
4933
5901
4448
5360
6299
6310
6550
4721
4602
5440
6879
4586
5764
5216
6250
6261
4356
5618
6277
5270
5599
4941
5718
6678
6620
6815
4390
4403
6366
4894
4431
5022
4946
6280
4789
6401
4314
5497
4449
6277
5196
5678
5404
4913
5984
4859
4880
5162
4897
5376
5489
5262
5336
4701
4814
5630
4555
4588
5184
4514
5776
5780
4735
5495
5719
4752
6211
5252
4916
5124
5717
5368
6618
6767
6902
6025
4958
6372
4566
4623
4964
5137
4434
5265
5678
6190
4558
5283
4406
6636
6526
4939
4764
5104
4562
6182
6297
6891
4482
5598
4841
6816
4666
5496
6918
6109
6846
5609
6507
6918
5813
6833
4729
5113
4402
5648
6773
6774
5492
4988
5947
5545
5710
6319
6800
6772
6308
6925
5735
6680
5884
5489
4510
5807
5643
6318
4402
5269
5748
6939
4496
5065
6781
4965
6318
4471
5936
4612
4983
4707
6464
4584
6665
5966
4753
5454
4415
5811
5943
6872
5621
6202
4913
5362
6084
6445
6715
4732
5913
6529
6685
5872
6169
5013
6146
6487
4571
4854
4877
6999
4730
6334
4784
5187
4607
4872
6670
6757
6358
4882
6061
4591
4806
6355
4695
5440
5648
5268
5435
6678
6730
5564
6214
5052
5076
4841
6073
4488
6623
6259
4460
5422
5151
5091
5814
6378
4739
5515
5839
4741
5512
5843
6485
6590
6618
5700
6185
6658
4708
5210
5601
6983
4987
5844
5685
4546
6051
6068
4680
6229
4553
6158
4985
5115
5020
6269
4988
5012
5937
4663
5192
5502
4992
5066
5430
5008
4993
5067
5431
5343
6200
5680
4726
6925
4763
4683
4775
6097
4803
6178
4512
4811
4563
5721
5151
4830
5720
6272
5791
5152
6641
6464
6677
4921
5669
5997
5730
4715
5163
6880
5833
6687
6493
5583
6199
4520
4740
4805
6374
6458
4622
4525
4701
4938
6355
5551
5992
5267
5343
5163
6845
4619
5865
4534
4625
4683
5053
6010
4538
4539
5165
5166
5434
5168
6353
6023
6064
4867
6428
4635
5256
4733
4799
6207
4625
4589
5931
4825
4601
5031
4576
6408
4559
6099
5662
4712
5093
5221
5588
5040
4718
5355
6074
6729
4599
4774
4641
6796
6076
7000
4912
6139
4914
5033
5296
4720
5356
5391
4709
5169
4878
6207
5819
6020
5832
5080
5808
6467
4848
5243
4989
5215
5073
5771
4957
5088
6300
5946
6747
5153
6650
5185
5386
6772
5180
5722
6705
6209
6521
6737
5769
6720
5555
4730
5202
4614
4773
6398
5759
5557
4617
5013
5205
6604
4729
5879
6462
6875
4831
6709
6536
5135
5699
4627
6764
6459
4630
5129
6036
4797
4780
6133
6887
6982
6615
6788
4724
5581
5176
4760
6501
6165
6800
5330
6044
6375
6495
4989
5220
5391
4782
5754
4758
4894
4836
6306
4904
5508
6788
6789
4962
5618
4975
6520
6768
5141
6265
4821
6990
5297
4788
5704
5763
5967
4999
5514
5606
5134
6540
5214
4926
6339
4738
5743
5880
4947
5445
6079
4827
5887
6711
5237
5382
5841
5671
6363
6455
5107
4931
6210
6863
6554
6487
6615
6705
4691
4939
5993
6433
4891
4750
6864
4696
6883
5182
4698
5663
5711
4907
5492
4703
6555
6054
6876
5914
6526
5382
6663
4917
4747
4813
5799
5976
6211
5986
6219
6218
6428
5306
5757
5511
6874
4775
4823
5928
5877
5291
5326
6351
5764
6914
5233
6058
4807
5291
6383
6448
4754
5934
5461
6858
6483
5613
5900
6044
5039
5601
6994
5088
5960
5369
6341
6640
6635
5867
6551
5029
4896
5900
5179
5938
6901
6836
6662
5002
5047
4767
6180
6554
4768
6179
5106
5607
5447
6320
6394
5028
6783
5307
5670
5050
5264
5214
5649
5734
5997
5335
5666
5726
5824
5971
5516
5339
5860
5539
6807
4827
5070
5186
4791
4973
6455
6229
6287
4793
5519
5704
6659
4988
5012
6194
5484
5587
5810
4842
4928
5472
4847
5428
4808
6957
5284
6364
5036
5953
6082
5554
5069
5346
6294
5058
6135
6730
5746
5226
6732
4976
6875
5127
5217
5261
6710
5076
5566
5758
6604
6570
6116
6627
5251
5553
5161
6411
5045
5011
6692
5100
5235
5241
5794
4938
5325
6023
4864
4886
6401
5746
5858
4871
5118
6004
7004
6107
4863
5714
5683
6100
5140
5707
4942
6525
4925
5446
5074
5415
6859
6524
4876
5990
6612
5972
6261
6208
6156
5236
6572
6702
6014
6073
6666
6827
5821
5873
6691
5479
5981
6009
5117
6012
5148
5408
5520
5062
4888
5300
5570
6757
4894
6609
5667
5078
5126
5394
6811
4912
5870
6096
5913
6758
4898
6865
5370
5000
5034
6406
4905
5459
6812
4935
5634
5933
5837
6797
6900
5628
6502
6295
6461
5319
4956
5060
5780
6261
4923
5167
6510
5785
6599
6806
6327
5033
6255
6595
6709
5137
5565
6814
5043
5741
6541
5106
6560
4934
4956
5129
4937
6091
5847
5518
5957
6767
6809
6758
6732
6728
5541
5768
5837
5548
6378
6589
5155
6364
5724
5167
5567
5581
5856
6366
5043
5800
5068
4986
4959
5293
6342
5066
5067
5608
5125
5330
5589
4969
5485
5716
5216
4980
6701
5134
6695
5000
6095
6831
5865
5509
5779
6100
6094
5025
6168
5659
6818
5834
5150
5619
6123
5394
5416
5445
5112
5886
6860
6787
6786
5015
6505
6628
5806
5925
5037
5325
5093
6094
5183
6273
5191
5234
5438
5728
6106
5297
5762
5475
5620
6701
6486
5039
6440
6759
5403
5157
5257
6575
6650
5197
5353
5181
6714
6943
6404
5941
5127
5442
5137
6352
5692
5301
5041
6030
6244
6426
5100
5128
5602
5878
5423
5777
6877
5191
5362
5911
5162
5423
5560
5268
6087
6972
6321
5541
6957
5321
5965
5887
6313
6308
5945
6043
5883
5114
6550
5249
5320
6517
5669
5734
5547
6698
6713
6072
5420
5227
5295
5444
5816
6982
5090
6014
6072
5095
6389
5504
6457
6666
5156
5574
5736
5289
6777
5877
5363
6497
5628
6883
5240
5367
5375
5379
5548
6280
5679
6912
5987
5437
5564
5701
5555
5677
5557
5676
5527
6621
5867
5130
5170
6430
6879
5150
5887
6264
6973
6416
6426
5151
5288
6932
5644
5747
6900
6929
5232
6414
6571
5510
6494
5233
6514
5153
6772
5455
5468
5159
5323
6235
6681
5295
5395
6183
6270
6271
5697
5266
5803
6656
5299
5916
5175
5912
6331
6027
5668
6254
5215
6305
6316
6617
5418
6502
6792
6126
5553
6025
5576
6653
6781
5332
5539
5395
5235
5249
5752
6827
6680
6630
5199
5481
5898
5206
6389
6951
5224
5823
6836
5628
6231
5462
5254
5563
6108
6505
5228
5260
6740
6764
5460
5780
5649
5435
6567
6653
6826
6851
5404
6384
5348
5810
5233
6173
5396
5653
6750
5768
6791
5484
6078
5295
5753
5307
6110
5426
5709
6358
5503
5334
6465
6508
5352
6719
5247
6478
5518
5416
6105
5940
6308
5876
6026
6130
6368
6340
5392
5510
6985
5281
5908
6183
6460
6995
5631
5986
5543
6613
5536
6409
5343
6170
6505
5443
6639
5809
5451
6343
6591
6961
5978
6221
6794
5684
6137
5447
6508
5935
5738
6110
6984
5474
6177
6314
5691
5311
5671
5290
5657
5595
6829
6644
5467
6198
6312
5424
6760
5448
5556
5358
6583
6210
6560
5688
5325
5331
5402
5322
5844
6021
5469
5568
5409
5310
5347
5659
6037
6362
5549
6519
5851
6849
6967
5818
5819
5673
5682
5868
6476
6176
6552
5610
6548
6503
5593
6253
5424
6865
6297
5336
6981
5637
6031
6649
5344
6087
5476
5567
6469
5368
5687
6853
6062
5614
6418
6848
6852
5514
6759
6829
6293
5632
6735
5393
6603
6289
6635
5863
6931
5775
5909
6640
5536
6760
5921
6473
5398
6709
6653
6905
5963
5496
6348
5784
5786
6035
5646
5981
5670
6288
5388
5490
6672
6259
6232
6331
6624
5449
6084
5638
6313
6121
6710
6819
5400
6741
6643
6713
6671
6696
5481
5581
6510
5664
5738
5461
5565
5955
5622
5708
5533
6107
6703
5532
5551
5722
5540
5944
6151
6526
5422
5747
5952
6674
5645
5428
6974
5430
6804
5432
6803
5915
5852
6997
5506
6479
5964
5918
6125
6419
6050
6749
6514
5585
6813
6645
6112
5450
5535
5608
5480
6306
5812
5552
5860
5899
5459
6395
5537
5535
6444
5468
5978
6111
6805
5523
5584
5977
6110
6516
6627
6058
6782
5914
6053
6546
6181
5728
6252
5799
6217
6919
5681
5594
6278
6239
6797
5497
6446
6454
6681
5500
6187
6003
5654
5722
5928
6143
6092
6648
5592
5760
5765
5732
5994
6423
5794
5731
5995
5600
5519
6349
6080
6182
5644
5950
6303
5767
6127
6830
5774
5773
5589
6377
6626
5644
5747
5816
6952
6778
6128
5878
5912
5992
6250
6569
6141
6112
5777
5725
6298
6413
6908
6892
6833
5882
6397
6111
6130
6489
6590
5650
6885
5576
5622
5894
6985
5697
6079
5941
6003
6095
6785
5697
6444
6065
6414
5638
6845
5949
6917
5727
6194
6367
5596
5607
5782
5902
6434
6628
6649
5723
5607
6601
5939
6007
6125
6522
6962
6728
6874
6033
6735
5616
6491
6321
6764
5863
6740
5667
6219
5625
5687
5778
6704
5778
5798
5961
6995
5853
6078
6870
5663
6237
6325
6304
5645
6243
5838
6922
5905
6223
6232
5860
6717
5661
5702
5955
5735
5967
6480
6015
5729
6284
5797
6083
5803
6811
5908
5692
6233
6316
6576
5947
6059
6123
6632
5688
6169
6954
5714
6238
5956
5930
6292
6046
6694
6168
5988
5702
6611
5848
6054
5710
6247
6263
6465
6606
5948
6477
5724
6101
6495
6241
6579
5840
6744
6091
5950
5746
6830
6518
6276
5807
6786
6787
6109
6216
5739
6365
6437
6433
5800
6447
5770
5745
5814
5770
6004
5755
5982
5926
6612
6064
6173
6597
5756
6018
6019
6228
5759
6905
5935
5877
6388
6484
6688
6448
5888
5890
6753
6217
5881
5885
6386
5798
6876
6667
5788
5822
5817
5861
6127
6050
6296
5928
5796
6812
6478
5968
6547
6462
5969
6856
6914
5903
5854
6591
6484
6511
5932
7005
6965
6129
5825
5858
6078
6041
6602
5882
5883
5998
6142
6244
6464
5917
6144
6624
6745
6842
5975
6006
6708
6839
5882
5892
6911
5920
5946
5873
6065
6969
6259
5927
6146
6193
6438
6016
6423
6300
6921
6201
5868
6762
5891
6675
6190
6456
6290
6390
6655
6580
6704
5884
5990
6150
6354
6080
6163
6941
6506
6190
6374
6047
6436
5977
6828
6593
5999
6085
6017
5906
6777
6385
6346
6093
6403
6742
6766
6668
5920
6002
6035
6544
6075
5939
6001
6008
5944
6703
6131
6751
6136
6212
6418
6567
6276
6268
6379
6909
6365
6885
5943
6266
6717
6166
6711
6779
6380
6901
6039
6574
6813
6524
6350
6201
6398
5966
6919
6922
6528
6061
6834
6920
6869
6396
6247
5974
6070
6880
5980
6775
6646
6026
6083
6028
6033
5989
6457
6146
6868
6251
6804
6803
6122
6161
6638
6248
6372
6619
6008
6034
6623
6302
6019
6397
6498
6184
6424
6305
6857
6976
6117
6956
6846
6154
6554
6731
6626
6410
6090
6246
6224
6194
6108
6186
6424
6791
6938
6203
6664
6337
6085
6598
6121
6537
6855
6088
6666
6356
6336
6273
6267
6421
6227
6283
6236
6517
6332
6292
6775
6755
6073
6993
6077
6352
6463
6157
6162
6562
6460
6439
6224
6135
6476
6937
6157
6731
6101
6920
6196
6139
6452
6359
6375
6815
6233
6103
6144
6650
6404
6735
6301
6562
6382
6808
6281
6739
6282
6738
6555
6410
6447
6509
6392
6972
6578
6728
6868
6402
6480
6681
6672
6239
6929
6262
6138
6617
6548
6977
6302
6380
6490
6500
6208
6910
6955
6659
6531
6877
6459
6449
6412
6818
6969
6213
6200
6515
6336
6279
6310
6279
6399
6769
6725
6207
6204
6370
6330
6258
6440
6249
6535
6291
6880
6266
6425
6726
6339
6206
6477
6546
6884
6503
6724
6420
6407
6361
6334
6846
6388
6569
6373
6351
6448
6499
6501
6451
6684
6908
6987
6232
6467
6242
6955
6307
6482
6402
6425
6466
6677
6376
6312
6726
6250
6321
6984
6314
6725
6256
6409
6297
6527
6329
6347
6765
6620
6457
6287
6285
6932
6856
6449
6959
6587
6737
6853
6582
6488
6697
6600
6406
6690
6377
6686
6427
6592
6559
6837
6335
6359
6998
6434
6439
6935
6391
6532
6960
6328
6353
6537
6543
6436
6461
6996
6748
6633
6444
6608
6771
6968
6841
6930
6918
6350
6793
6494
6411
6418
6450
6442
6953
6973
6363
6533
6366
6369
6967
6415
6774
6974
6988
6617
6670
6383
6644
6405
6408
6562
6706
6894
6479
6553
6394
6396
6911
6981
6551
6516
6632
6407
6474
6659
6542
6453
6987
6697
6783
6573
6436
6491
6506
6682
6517
6470
6525
6723
6613
6432
6686
6474
6574
6690
6989
6628
6675
6443
6485
6807
6704
6480
6700
6521
6538
6564
6618
6468
6586
6496
6473
6538
6563
6596
6827
6695
6761
6575
6575
6594
6746
6489
6678
6867
6948
6493
6953
6612
6883
6685
6871
6629
6734
6930
6515
6549
6519
6824
6722
6572
6539
6780
6904
6551
6656
6577
6634
6889
6643
6984
6699
6745
6928
6834
6689
6680
6892
6688
6578
6683
6724
6566
6570
6712
6668
6605
6561
6609
6607
6645
6685
6631
6622
6877
6795
6673
6699
6878
6890
6584
6669
6898
6700
6703
6850
6784
6951
6625
6693
6702
6637
6945
6822
6660
6979
6658
6864
6891
6642
6926
6630
6904
6798
6626
6838
6989
6917
6839
6754
6655
6842
6761
6837
6663
6971
6672
6652
6669
6741
6691
6750
6684
6976
6742
6727
6799
6679
6910
6943
6927
6980
6971
6975
6696
6785
6715
6716
6908
6784
6716
6849
6956
6851
6721
6852
6752
6884
6789
6990
6721
6856
6758
6864
6748
6873
6818
6773
6765
6882
6743
6903
6768
6840
6757
6874
6806
6975
6796
6988
6832
6865
6937
6814
6823
6826
6782
6785
6825
6858
6789
6783
6947
6776
6790
6779
6803
6804
6917
6829
6832
6888
6914
6794
6862
6929
6823
6891
6857
6805
6902
6953
6926
6854
6879
6871
6963
6866
6835
6844
6979
6848
6893
6881
6848
6895
6878
6903
6939
6893
6887
6907
6906
6948
6872
6915
6916
6960
6993
6905
6930
6912
6934
6963
6894
6951
6973
6923
6924
6899
6927
6998
6936
6947
6915
6940
6949
6952
6950
6971
6993
6940
6945
6983
6933
6970
6964
6943
6946
6947
6970
6980
6986
6992
6982
6959
6960
6958
6994
6977
6999
6967
6990
7001
7000
6985
6991
6979
6992
6995
6997
7006
7005
7006
7006
7007
)


// ************************************************************************* //
